6,20,46,1,4
6,14,21,1,1
6,14,22,1,2
6,14,24,1,3
6,14,25,1,3
6,14,26,1,3
6,14,29,1,4
6,14,31,1,1
6,14,32,1,3
6,14,33,1,2
6,14,35,1,1
6,14,36,1,0
6,14,37,1,3
6,14,39,1,3
6,14,40,1,1
6,14,44,1,1
6,14,45,1,2
6,14,46,1,4
6,14,47,1,1
6,14,48,1,3
6,5,22,1,3
6,5,23,1,0
6,5,26,1,4
6,5,27,1,1
6,5,29,1,0
6,5,31,1,2
6,5,32,1,1
6,5,34,1,0
6,5,36,1,4
6,5,39,1,1
6,5,40,1,4
6,5,41,1,3
6,5,42,1,3
6,5,43,1,2
6,5,45,1,3
6,5,47,1,1
6,5,48,1,0
6,5,49,1,1
6,17,46,1,2
6,17,48,1,4
6,15,25,1,2
6,15,31,1,0
6,15,39,1,3
6,15,46,1,1
6,15,49,1,0
6,16,26,1,3
6,16,42,1,0
6,16,43,1,0
6,16,48,1,4
6,18,42,1,0
6,18,48,1,2
20,17,21,1,1
20,17,23,1,4
20,17,24,1,4
20,17,27,1,0
20,17,30,1,4
20,17,31,1,4
20,17,32,1,3
20,17,39,1,2
20,17,41,1,4
20,19,21,1,3
20,19,22,1,0
20,19,23,1,4
20,19,24,1,2
20,19,27,1,1
20,19,32,1,2
20,19,34,1,3
20,19,35,1,1
20,19,36,1,3
20,19,37,1,0
20,19,38,1,2
20,19,39,1,1
20,19,40,1,0
20,19,41,1,4
20,19,42,1,0
20,19,44,1,4
20,19,46,1,1
20,19,47,1,0
20,3,21,1,0
20,3,23,1,1
20,3,25,1,4
20,3,27,1,1
20,3,34,1,0
20,3,35,1,3
20,3,36,1,2
20,3,37,1,3
20,3,39,1,1
20,3,42,1,1
20,3,43,1,0
20,3,44,1,3
20,3,46,1,4
20,3,47,1,4
20,11,22,1,2
0,20,23,1,2
0,20,24,1,4
0,20,30,1,1
0,20,34,1,1
0,14,21,1,0
0,14,22,1,0
0,14,23,1,0
0,14,25,1,4
0,14,30,1,2
0,14,31,1,0
0,14,36,1,0
0,14,44,1,2
0,14,45,1,0
0,14,49,1,0
0,19,21,1,2
0,19,23,1,1
0,19,31,1,4
0,19,36,1,0
0,19,39,1,4
14,20,21,1,0
14,20,22,1,2
14,20,31,1,0
14,20,32,1,4
14,20,33,1,3
14,20,37,1,3
14,20,44,1,2
14,20,45,1,1
14,17,22,1,4
14,17,23,1,3
14,17,25,1,3
14,17,27,1,0
14,17,29,1,3
14,17,30,1,0
14,17,31,1,4
14,17,32,1,2
14,17,33,1,4
14,17,35,1,0
14,17,37,1,4
14,17,38,1,4
14,17,40,1,3
14,17,42,1,4
14,17,45,1,0
14,17,48,1,2
14,19,21,1,4
14,19,22,1,4
14,19,23,1,1
14,19,24,1,0
14,19,25,1,2
14,19,26,1,0
14,19,29,1,4
14,19,30,1,4
14,19,31,1,2
14,19,32,1,2
14,19,33,1,1
14,19,35,1,1
14,19,36,1,2
14,19,37,1,1
14,19,39,1,2
14,19,40,1,2
14,19,44,1,1
14,19,45,1,4
14,19,46,1,2
14,19,47,1,4
14,19,48,1,3
14,3,21,1,0
14,3,22,1,2
14,3,23,1,3
14,3,25,1,0
14,3,26,1,2
14,3,27,1,1
14,3,29,1,3
14,3,31,1,4
14,3,32,1,1
14,3,33,1,2
14,3,35,1,3
14,3,36,1,4
14,3,37,1,1
14,3,38,1,1
14,3,39,1,2
14,3,44,1,2
14,3,45,1,2
14,3,47,1,1
14,3,48,1,3
14,3,49,1,2
14,11,22,1,1
14,11,30,1,3
14,11,31,1,4
14,11,33,1,1
14,11,37,1,1
14,11,39,1,4
14,11,44,1,1
14,11,45,1,0
13,20,47,1,2
13,20,49,1,0
13,0,23,1,0
13,0,25,1,1
13,0,30,1,0
13,0,34,1,0
13,0,36,1,1
13,0,39,1,0
13,0,44,1,1
13,14,22,1,1
13,14,23,1,4
13,14,24,1,1
13,14,30,1,2
13,14,31,1,2
13,14,33,1,2
13,14,34,1,4
13,14,37,1,3
13,14,42,1,3
13,14,43,1,3
13,5,24,1,3
13,5,30,1,4
13,5,31,1,2
13,5,33,1,2
13,5,34,1,4
13,5,43,1,2
13,5,45,1,1
13,5,49,1,1
13,17,30,1,0
13,15,24,1,4
13,15,29,1,1
13,15,31,1,0
13,15,33,1,3
13,15,34,1,1
13,15,42,1,2
13,15,43,1,3
13,15,45,1,3
13,15,49,1,4
13,3,21,1,3
13,3,23,1,3
13,3,24,1,2
13,3,25,1,1
13,16,23,1,1
13,16,24,1,3
13,16,25,1,1
13,16,30,1,1
13,16,33,1,4
13,16,34,1,3
13,16,37,1,4
13,16,42,1,0
13,16,43,1,2
13,16,47,1,4
13,18,24,1,3
13,18,25,1,2
13,18,29,1,1
13,18,31,1,1
13,18,33,1,2
13,18,41,1,1
13,18,47,1,3
10,20,26,1,1
10,20,46,1,2
10,14,22,1,1
10,14,24,1,2
10,14,27,1,3
10,14,29,1,3
10,14,30,1,1
10,14,31,1,3
10,14,33,1,0
10,14,36,1,2
10,14,37,1,2
10,14,39,1,2
10,14,42,1,3
10,14,44,1,1
10,14,45,1,2
10,14,46,1,2
10,14,47,1,0
10,14,48,1,0
10,14,49,1,1
10,5,27,1,1
10,5,31,1,3
10,5,34,1,1
10,5,45,1,2
10,5,46,1,4
10,5,47,1,2
10,5,48,1,0
10,5,49,1,1
10,15,24,1,4
10,15,25,1,1
10,15,27,1,3
10,15,28,1,1
10,15,31,1,1
10,15,35,1,1
10,15,39,1,1
10,15,44,1,2
10,15,45,1,2
10,15,46,1,2
10,15,47,1,4
10,15,49,1,1
10,18,23,1,2
10,18,26,1,1
10,18,29,1,0
10,18,36,1,0
10,18,42,1,0
10,18,43,1,1
10,18,46,1,0
10,18,48,1,2
5,0,23,1,2
5,0,39,1,2
5,0,45,1,0
5,0,48,1,0
5,0,49,1,3
5,14,21,1,0
5,14,22,1,3
5,14,24,1,4
5,14,25,1,2
5,14,26,1,4
5,14,29,1,3
5,14,31,1,4
5,14,32,1,1
5,14,33,1,0
5,14,35,1,3
5,14,37,1,0
5,14,38,1,0
5,14,40,1,4
5,14,42,1,2
5,14,43,1,4
5,14,44,1,4
5,14,45,1,1
5,14,46,1,1
5,14,47,1,2
5,14,48,1,2
5,17,21,1,3
5,17,23,1,2
5,17,25,1,4
5,17,27,1,2
5,17,28,1,0
5,17,32,1,2
5,17,33,1,1
5,17,34,1,2
5,17,36,1,4
5,17,37,1,3
5,17,42,1,0
5,17,46,1,1
5,17,47,1,0
5,19,21,1,4
5,19,22,1,0
5,19,23,1,2
5,19,24,1,2
5,19,25,1,3
5,19,26,1,1
5,19,27,1,2
5,19,28,1,1
5,19,29,1,4
5,19,30,1,2
5,19,31,1,2
5,19,32,1,1
5,19,34,1,4
5,19,35,1,2
5,19,36,1,4
5,19,39,1,0
5,19,40,1,4
5,19,41,1,4
5,19,42,1,2
5,19,43,1,2
5,19,44,1,2
5,19,45,1,1
5,19,47,1,3
5,19,48,1,0
5,19,49,1,0
5,3,23,1,4
5,3,25,1,1
5,3,27,1,1
5,3,33,1,2
5,3,36,1,2
5,3,37,1,3
5,3,39,1,3
5,3,48,1,4
5,11,21,1,2
5,11,22,1,4
5,11,23,1,4
5,11,24,1,3
5,11,25,1,2
5,11,26,1,3
5,11,27,1,3
5,11,28,1,3
5,11,29,1,0
5,11,30,1,1
5,11,31,1,1
5,11,32,1,4
5,11,33,1,1
5,11,34,1,3
5,11,35,1,0
5,11,36,1,0
5,11,37,1,1
5,11,38,1,3
5,11,39,1,1
5,11,40,1,2
5,11,41,1,2
5,11,42,1,0
5,11,43,1,2
5,11,44,1,0
5,11,45,1,2
5,11,47,1,1
5,11,48,1,2
5,11,49,1,3
9,20,22,1,2
9,20,24,1,4
9,20,32,1,4
9,20,34,1,0
9,20,46,1,4
9,20,48,1,1
9,20,49,1,1
9,0,24,1,3
9,0,49,1,4
9,14,22,1,4
9,14,23,1,2
9,14,24,1,4
9,14,25,1,3
9,14,29,1,0
9,14,30,1,0
9,14,31,1,3
9,14,32,1,2
9,14,33,1,2
9,14,36,1,4
9,14,37,1,0
9,14,39,1,4
9,14,40,1,0
9,14,42,1,1
9,14,44,1,1
9,14,45,1,4
9,5,22,1,0
9,5,23,1,1
9,5,24,1,0
9,5,25,1,1
9,5,26,1,2
9,5,27,1,1
9,5,28,1,0
9,5,29,1,2
9,5,30,1,2
9,5,31,1,3
9,5,32,1,0
9,5,33,1,2
9,5,34,1,3
9,5,36,1,0
9,5,37,1,0
9,5,39,1,2
9,5,41,1,0
9,5,42,1,3
9,5,43,1,4
9,5,44,1,2
9,5,45,1,2
9,5,47,1,0
9,5,48,1,2
9,5,49,1,0
9,17,21,1,0
9,17,22,1,0
9,17,24,1,3
9,17,28,1,2
9,17,30,1,3
9,17,32,1,2
9,17,33,1,0
9,17,41,1,3
9,17,45,1,2
9,17,46,1,1
9,15,22,1,0
9,15,23,1,4
9,15,24,1,1
9,15,25,1,1
9,15,27,1,1
9,15,28,1,3
9,15,29,1,0
9,15,31,1,4
9,15,32,1,2
9,15,33,1,4
9,15,34,1,2
9,15,36,1,0
9,15,37,1,0
9,15,40,1,3
9,15,42,1,0
9,15,43,1,3
9,15,44,1,0
9,15,45,1,3
9,15,48,1,4
9,15,49,1,2
9,3,24,1,2
9,3,37,1,4
9,16,24,1,2
9,16,30,1,0
9,16,33,1,2
9,16,37,1,2
9,18,24,1,4
9,18,26,1,3
9,18,28,1,4
9,18,29,1,4
9,18,30,1,1
9,18,32,1,0
9,18,34,1,1
9,18,42,1,2
9,18,43,1,4
9,18,45,1,3
9,18,46,1,4
9,18,47,1,1
9,18,48,1,2
9,18,49,1,3
17,19,21,1,3
17,19,23,1,2
17,19,25,1,1
17,19,27,1,2
17,19,37,1,0
17,19,39,1,0
17,19,41,1,3
17,19,42,1,2
17,3,25,1,3
17,11,21,1,2
17,11,25,1,1
17,11,30,1,0
17,11,37,1,0
17,11,41,1,3
17,11,44,1,1
17,11,45,1,1
4,0,45,1,1
4,14,22,1,1
4,14,26,1,4
4,14,29,1,1
4,14,30,1,0
4,14,31,1,0
4,14,32,1,1
4,14,33,1,4
4,14,36,1,3
4,14,37,1,2
4,14,38,1,2
4,14,44,1,3
4,14,45,1,3
4,14,47,1,2
4,14,48,1,1
4,14,49,1,3
4,5,29,1,3
4,5,34,1,1
4,5,36,1,1
4,5,45,1,0
4,5,47,1,4
4,5,48,1,2
4,5,49,1,2
4,17,26,1,0
4,17,41,1,1
4,17,45,1,0
4,15,34,1,4
4,15,36,1,4
4,15,45,1,3
4,15,49,1,4
15,20,24,1,0
15,20,31,1,1
15,0,21,1,2
15,0,23,1,0
15,0,25,1,0
15,0,26,1,1
15,0,27,1,3
15,0,31,1,2
15,0,36,1,4
15,0,39,1,4
15,0,43,1,3
15,0,44,1,3
15,0,45,1,1
15,0,48,1,1
15,0,49,1,0
15,14,21,1,3
15,14,22,1,1
15,14,24,1,3
15,14,25,1,1
15,14,29,1,0
15,14,31,1,0
15,14,32,1,2
15,14,33,1,0
15,14,37,1,1
15,14,40,1,3
15,14,42,1,4
15,14,43,1,4
15,14,45,1,1
15,14,46,1,2
15,14,48,1,2
15,5,25,1,4
15,5,34,1,0
15,5,37,1,4
15,5,43,1,0
15,17,21,1,2
15,17,23,1,0
15,17,24,1,3
15,17,25,1,1
15,17,26,1,4
15,17,27,1,2
15,17,28,1,0
15,17,30,1,0
15,17,31,1,3
15,17,32,1,2
15,17,33,1,0
15,17,34,1,1
15,17,36,1,1
15,17,39,1,2
15,17,42,1,2
15,17,43,1,0
15,17,45,1,4
15,17,47,1,2
15,17,48,1,4
15,19,21,1,3
15,19,22,1,0
15,19,23,1,0
15,19,24,1,2
15,19,25,1,3
15,19,26,1,0
15,19,27,1,3
15,19,28,1,4
15,19,29,1,1
15,19,30,1,1
15,19,31,1,0
15,19,32,1,1
15,19,33,1,0
15,19,34,1,0
15,19,35,1,4
15,19,36,1,3
15,19,40,1,3
15,19,42,1,1
15,19,43,1,2
15,19,44,1,3
15,19,45,1,1
15,19,47,1,1
15,19,48,1,3
15,19,49,1,1
15,3,21,1,0
15,3,23,1,0
15,3,25,1,4
15,3,26,1,4
15,3,27,1,0
15,3,28,1,1
15,3,33,1,4
15,3,34,1,0
15,3,36,1,2
15,3,37,1,1
15,3,39,1,3
15,3,41,1,1
15,3,43,1,0
15,3,44,1,4
15,3,45,1,4
15,3,47,1,4
15,3,48,1,1
15,11,21,1,2
15,11,25,1,4
15,11,30,1,0
15,11,31,1,0
15,11,33,1,1
15,11,34,1,4
15,11,35,1,3
15,11,39,1,4
15,11,42,1,4
15,11,44,1,0
15,11,45,1,1
15,11,48,1,2
15,11,49,1,4
1,14,21,1,2
1,14,22,1,4
1,14,31,1,0
1,14,32,1,0
1,14,33,1,1
1,14,37,1,1
1,14,45,1,3
1,14,46,1,4
1,14,48,1,0
1,5,45,1,0
1,5,46,1,3
1,15,31,1,2
1,15,32,1,0
1,15,45,1,1
1,15,46,1,3
1,15,49,1,3
1,3,21,1,3
1,3,23,1,4
1,3,25,1,3
1,3,39,1,2
1,3,42,1,1
1,3,43,1,0
1,16,46,1,4
1,16,48,1,0
1,18,43,1,4
1,18,46,1,0
1,18,48,1,0
7,20,40,1,2
7,20,41,1,0
7,14,26,1,0
7,14,34,1,4
7,5,23,1,2
7,5,26,1,3
7,15,23,1,3
7,15,26,1,2
7,3,43,1,1
12,20,23,1,3
12,20,32,1,3
12,20,36,1,1
12,20,42,1,0
12,14,21,1,3
12,14,22,1,2
12,14,23,1,4
12,14,24,1,1
12,14,25,1,1
12,14,26,1,0
12,14,29,1,3
12,14,30,1,4
12,14,31,1,1
12,14,32,1,2
12,14,33,1,4
12,14,36,1,3
12,14,37,1,4
12,14,38,1,3
12,14,39,1,4
12,14,40,1,0
12,14,42,1,4
12,14,43,1,4
12,14,44,1,2
12,14,45,1,4
12,14,46,1,4
12,14,48,1,2
12,14,49,1,0
12,5,23,1,3
12,5,25,1,0
12,5,26,1,3
12,5,28,1,3
12,5,29,1,0
12,5,31,1,3
12,5,36,1,4
12,5,41,1,3
12,5,42,1,0
12,5,43,1,1
12,5,45,1,3
12,5,47,1,0
12,5,48,1,2
12,5,49,1,2
12,17,26,1,3
12,17,32,1,2
12,17,38,1,3
12,17,41,1,3
12,15,23,1,0
12,15,24,1,0
12,15,25,1,0
12,15,26,1,1
12,15,28,1,4
12,15,31,1,0
12,15,32,1,3
12,15,36,1,4
12,15,41,1,3
12,15,42,1,0
12,15,43,1,4
12,15,45,1,0
12,15,47,1,2
12,15,48,1,3
12,15,49,1,1
12,3,23,1,1
12,3,25,1,4
12,3,36,1,2
12,16,23,1,2
12,16,26,1,3
12,16,28,1,4
12,16,30,1,1
12,16,36,1,2
12,16,44,1,1
12,18,28,1,1
12,18,29,1,0
12,18,43,1,4
12,18,46,1,3
12,18,48,1,4
19,3,23,1,2
19,3,25,1,4
19,3,28,1,2
19,3,35,1,3
19,3,36,1,0
19,3,39,1,0
19,3,42,1,3
16,20,21,1,4
16,20,22,1,3
16,20,23,1,3
16,20,24,1,1
16,20,27,1,2
16,20,29,1,1
16,20,30,1,0
16,20,46,1,0
16,20,47,1,4
16,20,48,1,2
16,14,21,1,0
16,14,22,1,3
16,14,23,1,4
16,14,25,1,0
16,14,26,1,2
16,14,27,1,1
16,14,29,1,1
16,14,30,1,4
16,14,31,1,1
16,14,32,1,0
16,14,33,1,0
16,14,35,1,0
16,14,36,1,2
16,14,37,1,1
16,14,39,1,1
16,14,43,1,3
16,14,44,1,3
16,14,45,1,4
16,14,47,1,3
16,14,48,1,4
16,14,49,1,0
16,5,21,1,3
16,5,23,1,1
16,5,25,1,4
16,5,26,1,3
16,5,27,1,3
16,5,29,1,4
16,5,30,1,1
16,5,31,1,3
16,5,33,1,4
16,5,34,1,3
16,5,37,1,4
16,5,41,1,4
16,5,42,1,2
16,5,43,1,4
16,5,45,1,3
16,5,46,1,1
16,5,47,1,4
16,5,48,1,2
16,5,49,1,1
16,17,23,1,4
16,17,25,1,2
16,17,27,1,2
16,17,46,1,0
16,17,47,1,3
16,17,48,1,1
16,15,21,1,4
16,15,22,1,2
16,15,23,1,3
16,15,24,1,1
16,15,25,1,3
16,15,26,1,4
16,15,27,1,1
16,15,28,1,4
16,15,29,1,4
16,15,30,1,3
16,15,31,1,1
16,15,33,1,3
16,15,34,1,1
16,15,37,1,4
16,15,41,1,3
16,15,42,1,1
16,15,43,1,1
16,15,45,1,3
16,15,46,1,3
16,15,47,1,3
16,15,48,1,1
16,15,49,1,1
16,19,23,1,1
16,19,30,1,1
16,19,33,1,4
16,19,36,1,4
16,19,40,1,2
16,19,42,1,1
16,19,48,1,2
16,11,30,1,3
11,3,37,1,4
8,0,26,1,3
8,0,44,1,4
8,14,21,1,4
8,14,22,1,2
8,14,25,1,4
8,14,31,1,4
8,14,33,1,3
8,14,37,1,4
8,14,44,1,2
8,14,45,1,4
8,5,21,1,2
8,5,23,1,3
8,5,24,1,0
8,5,25,1,1
8,5,26,1,3
8,5,27,1,4
8,5,28,1,0
8,5,29,1,2
8,5,30,1,0
8,5,31,1,2
8,5,32,1,0
8,5,34,1,3
8,5,35,1,4
8,5,36,1,4
8,5,37,1,4
8,5,38,1,4
8,5,39,1,3
8,5,40,1,0
8,5,41,1,2
8,5,42,1,1
8,5,43,1,3
8,5,44,1,4
8,5,45,1,2
8,5,47,1,3
8,5,48,1,2
8,5,49,1,2
8,17,23,1,4
8,15,21,1,4
8,15,23,1,0
8,15,25,1,1
8,15,26,1,3
8,15,31,1,4
8,15,43,1,1
8,15,45,1,3
8,15,48,1,4
8,3,21,1,1
8,3,23,1,0
8,3,25,1,3
8,3,26,1,3
8,3,27,1,4
8,3,28,1,2
8,3,30,1,3
8,3,36,1,2
8,3,39,1,3
8,3,41,1,4
8,3,42,1,3
8,3,43,1,0
8,3,44,1,3
8,3,48,1,3
8,16,26,1,2
8,16,30,1,1
8,16,44,1,2
8,18,30,1,0
8,18,43,1,0
8,18,44,1,3
8,18,45,1,4
8,18,48,1,0
2,20,26,1,0
2,20,38,1,0
2,20,42,1,4
2,14,22,1,1
2,14,23,1,2
2,14,25,1,3
2,14,26,1,1
2,14,30,1,1
2,14,31,1,2
2,14,32,1,3
2,14,33,1,1
2,14,36,1,2
2,14,37,1,2
2,14,38,1,0
2,14,43,1,0
2,14,44,1,2
2,14,45,1,3
2,14,46,1,0
2,5,23,1,4
2,5,25,1,2
2,5,26,1,4
2,5,28,1,4
2,5,31,1,0
2,5,32,1,3
2,5,33,1,0
2,5,36,1,0
2,5,38,1,0
2,5,39,1,2
2,5,41,1,1
2,5,42,1,0
2,5,43,1,3
2,5,45,1,1
2,5,47,1,4
2,5,48,1,3
2,5,49,1,0
2,17,23,1,4
2,17,38,1,1
2,15,23,1,3
2,15,25,1,3
2,15,26,1,3
2,15,28,1,1
2,15,31,1,3
2,15,36,1,1
2,15,38,1,3
2,15,41,1,2
2,15,42,1,2
2,15,43,1,1
2,15,45,1,3
2,3,23,1,4
2,3,25,1,1
2,3,38,1,4
2,16,25,1,0
2,16,30,1,0
2,16,38,1,2
2,16,44,1,3
2,18,38,1,1
2,18,43,1,3
18,20,21,1,2
18,20,22,1,3
18,20,24,1,3
18,20,34,1,0
18,20,40,1,2
18,20,42,1,1
18,20,43,1,0
18,20,48,1,4
18,0,36,1,4
18,0,39,1,2
18,0,43,1,4
18,0,45,1,0
18,0,48,1,0
18,0,49,1,0
18,14,21,1,4
18,14,22,1,3
18,14,24,1,2
18,14,26,1,2
18,14,28,1,2
18,14,30,1,4
18,14,31,1,1
18,14,33,1,0
18,14,36,1,1
18,14,37,1,4
18,14,44,1,2
18,14,45,1,1
18,14,46,1,3
18,14,47,1,1
18,14,48,1,0
18,5,23,1,1
18,5,24,1,2
18,5,26,1,1
18,5,28,1,1
18,5,30,1,0
18,5,31,1,4
18,5,32,1,0
18,5,34,1,3
18,5,38,1,3
18,5,39,1,2
18,5,40,1,4
18,5,42,1,2
18,5,43,1,3
18,5,45,1,1
18,5,46,1,2
18,5,47,1,4
18,5,48,1,2
18,5,49,1,4
18,17,32,1,3
18,17,48,1,4
18,4,28,1,0
18,4,32,1,3
18,15,23,1,4
18,15,24,1,3
18,15,25,1,2
18,15,29,1,3
18,15,31,1,2
18,15,34,1,2
18,15,45,1,4
18,15,47,1,3
18,15,48,1,1
18,19,23,1,0
18,19,34,1,2
18,19,42,1,1
18,19,48,1,4
18,16,46,1,1
18,11,23,1,3
18,11,30,1,1
18,11,34,1,3
18,11,37,1,0
18,11,38,1,4
18,11,42,1,0
18,11,43,1,1
18,11,46,1,2
18,11,48,1,0
18,11,49,1,4
6,20,38,0,0
6,20,41,0,0
6,20,45,0,3
6,0,22,0,0
6,0,24,0,0
6,0,26,0,3
6,0,28,0,4
6,0,29,0,4
6,0,33,0,4
6,0,34,0,2
6,0,36,0,3
6,0,37,0,3
6,0,40,0,2
6,0,41,0,1
6,0,42,0,4
6,0,47,0,1
6,0,49,0,2
6,14,28,0,3
6,14,34,0,4
6,5,38,0,4
6,17,24,0,3
6,17,41,0,4
6,17,45,0,0
6,17,49,0,3
6,3,24,0,0
6,3,31,0,2
6,3,49,0,4
6,18,35,0,2
6,18,44,0,4
6,18,49,0,3
20,17,43,0,1
20,17,44,0,0
20,17,46,0,2
20,17,49,0,1
20,19,49,0,0
20,11,23,0,3
20,11,25,0,3
20,11,26,0,1
20,11,28,0,3
20,11,29,0,0
20,11,31,0,2
20,11,33,0,2
20,11,35,0,2
20,11,36,0,4
20,11,39,0,1
20,11,42,0,0
20,11,45,0,3
20,11,48,0,4
0,20,29,0,4
0,20,33,0,4
0,20,37,0,3
0,20,45,0,4
0,20,46,0,3
0,20,49,0,0
0,14,28,0,3
0,14,34,0,0
0,14,35,0,0
0,14,38,0,3
0,14,41,0,1
0,14,42,0,0
0,14,43,0,1
0,17,21,0,4
0,17,22,0,4
0,17,24,0,0
0,17,28,0,2
0,17,29,0,1
0,17,30,0,2
0,17,33,0,2
0,17,34,0,1
0,17,35,0,3
0,17,36,0,1
0,17,37,0,1
0,17,38,0,3
0,17,42,0,3
0,17,44,0,2
0,17,45,0,4
0,17,46,0,0
0,17,47,0,0
0,17,49,0,1
0,19,22,0,0
0,19,24,0,0
0,19,26,0,1
0,19,29,0,3
0,19,33,0,2
0,19,37,0,2
0,19,38,0,0
0,19,40,0,2
0,19,41,0,0
0,19,42,0,3
0,19,43,0,3
0,19,46,0,3
0,19,47,0,1
0,3,24,0,2
0,3,26,0,1
0,3,29,0,1
0,3,31,0,0
0,3,32,0,0
0,3,33,0,3
0,3,34,0,3
0,3,35,0,1
0,3,37,0,4
0,3,38,0,1
0,3,40,0,2
0,3,42,0,3
0,3,47,0,3
0,3,48,0,1
0,3,49,0,1
0,11,21,0,0
0,11,23,0,4
0,11,26,0,4
0,11,29,0,3
0,11,33,0,2
0,11,35,0,3
0,11,36,0,1
0,11,37,0,4
0,11,38,0,3
0,11,42,0,1
0,11,43,0,2
0,11,48,0,1
0,11,49,0,4
14,20,27,0,1
14,20,28,0,0
14,20,34,0,0
14,20,39,0,1
14,20,41,0,2
14,20,46,0,3
14,20,49,0,1
14,17,24,0,2
14,17,28,0,2
14,17,41,0,1
14,17,47,0,1
14,17,49,0,2
14,19,34,0,2
14,19,41,0,4
14,3,41,0,3
14,11,26,0,4
14,11,28,0,2
14,11,34,0,2
14,11,35,0,4
14,11,36,0,4
14,11,41,0,4
14,11,42,0,4
14,11,47,0,4
13,20,21,0,1
13,20,26,0,3
13,20,33,0,4
13,20,38,0,0
13,20,40,0,0
13,20,45,0,1
13,20,46,0,0
13,0,22,0,0
13,0,24,0,4
13,0,28,0,2
13,0,29,0,3
13,0,33,0,2
13,0,37,0,2
13,0,40,0,0
13,0,42,0,3
13,14,26,0,0
13,14,27,0,0
13,14,28,0,1
13,14,36,0,3
13,14,38,0,3
13,14,40,0,4
13,14,41,0,0
13,14,46,0,3
13,14,48,0,2
13,5,21,0,4
13,5,26,0,4
13,5,28,0,4
13,5,38,0,3
13,5,39,0,4
13,5,40,0,0
13,5,46,0,4
13,5,48,0,4
13,17,26,0,1
13,17,38,0,2
13,17,40,0,2
13,17,46,0,4
13,17,49,0,0
13,15,21,0,1
13,15,26,0,3
13,15,28,0,1
13,15,36,0,4
13,15,38,0,2
13,15,39,0,1
13,15,40,0,3
13,15,46,0,2
13,15,48,0,1
13,3,48,0,1
13,3,49,0,4
13,18,21,0,2
13,18,40,0,3
10,20,41,0,2
10,0,23,0,2
10,0,24,0,2
10,0,26,0,0
10,0,28,0,2
10,0,29,0,1
10,0,33,0,1
10,0,34,0,3
10,0,35,0,1
10,0,37,0,1
10,0,38,0,2
10,0,40,0,3
10,0,41,0,0
10,0,42,0,1
10,0,43,0,3
10,0,47,0,2
10,0,49,0,4
10,14,34,0,3
10,5,25,0,0
10,5,38,0,2
10,5,43,0,0
10,17,24,0,1
10,17,30,0,4
10,17,33,0,2
10,17,35,0,2
10,17,37,0,4
10,17,42,0,3
10,17,47,0,1
10,15,37,0,0
10,15,38,0,4
10,3,23,0,0
10,3,24,0,2
10,3,26,0,1
10,3,27,0,3
10,3,29,0,4
10,3,31,0,0
10,3,32,0,4
10,3,33,0,1
10,3,34,0,4
10,3,35,0,4
10,3,38,0,1
10,3,39,0,2
10,3,40,0,4
10,3,42,0,0
10,3,43,0,4
10,3,45,0,4
10,3,48,0,0
10,3,49,0,1
10,16,23,0,2
10,16,35,0,0
10,16,37,0,1
10,16,38,0,2
10,16,40,0,1
10,16,42,0,3
10,16,43,0,0
10,16,46,0,1
5,20,26,0,2
5,20,29,0,4
5,20,38,0,1
5,20,44,0,3
5,20,46,0,4
5,20,48,0,1
5,0,22,0,3
5,0,24,0,3
5,0,26,0,3
5,0,28,0,4
5,0,29,0,2
5,0,33,0,2
5,0,37,0,2
5,0,38,0,1
5,0,40,0,0
5,0,42,0,0
5,0,46,0,0
5,0,47,0,4
5,14,28,0,0
5,14,41,0,3
5,14,49,0,1
5,17,40,0,2
5,19,38,0,1
9,20,26,0,0
9,0,26,0,1
9,0,29,0,3
9,0,34,0,1
9,0,35,0,1
9,0,37,0,2
9,0,38,0,2
9,0,40,0,0
9,0,42,0,2
9,0,45,0,1
9,0,46,0,1
9,0,47,0,1
9,0,48,0,1
9,14,26,0,1
9,14,28,0,4
9,14,34,0,4
9,14,35,0,1
9,14,41,0,3
9,14,46,0,0
9,5,35,0,3
9,17,31,0,1
9,17,35,0,0
9,15,35,0,0
9,15,38,0,1
9,3,21,0,2
9,3,31,0,3
9,3,35,0,1
9,3,40,0,3
9,3,46,0,1
9,3,48,0,0
9,3,49,0,0
9,16,35,0,4
9,16,40,0,3
9,16,42,0,3
9,16,46,0,0
9,18,23,0,1
9,18,27,0,1
17,19,31,0,3
17,19,43,0,3
17,3,32,0,2
17,3,40,0,4
17,3,42,0,4
17,3,44,0,0
17,3,48,0,1
17,3,49,0,1
17,11,23,0,4
17,11,33,0,3
17,11,35,0,4
17,11,36,0,3
17,11,39,0,2
17,11,42,0,0
4,20,23,0,1
4,20,39,0,2
4,20,40,0,0
4,20,42,0,0
4,0,23,0,2
4,0,33,0,0
4,0,34,0,1
4,0,35,0,2
4,0,36,0,2
4,0,37,0,0
4,0,39,0,3
4,0,42,0,3
4,0,43,0,2
4,0,46,0,3
4,0,47,0,3
4,14,23,0,3
4,14,28,0,1
4,14,42,0,4
4,5,23,0,0
4,5,42,0,2
4,5,43,0,1
4,17,23,0,4
4,17,27,0,4
4,17,35,0,1
4,17,36,0,1
4,17,39,0,3
4,17,42,0,3
4,17,43,0,2
4,17,46,0,1
4,15,23,0,4
4,15,33,0,1
4,15,39,0,0
4,15,40,0,0
4,15,42,0,0
4,3,21,0,3
4,3,27,0,3
4,3,31,0,0
4,3,33,0,0
4,3,35,0,2
4,3,39,0,2
4,3,42,0,3
4,3,43,0,0
4,3,46,0,2
4,3,48,0,4
4,16,27,0,1
4,16,39,0,2
4,16,42,0,1
4,16,46,0,2
15,20,36,0,2
15,20,38,0,0
15,20,40,0,1
15,20,48,0,0
15,0,22,0,1
15,0,24,0,2
15,0,29,0,1
15,0,37,0,0
15,0,42,0,1
15,0,46,0,2
15,14,23,0,4
15,14,27,0,3
15,14,28,0,2
15,14,34,0,2
15,14,36,0,0
15,14,49,0,4
15,5,26,0,3
15,5,28,0,4
15,5,30,0,2
15,5,32,0,1
15,5,35,0,3
15,5,38,0,2
15,5,39,0,2
15,5,44,0,2
15,5,46,0,3
15,17,40,0,0
15,17,46,0,0
15,19,38,0,0
15,3,49,0,2
15,11,29,0,4
15,11,38,0,2
15,11,43,0,3
1,20,26,0,3
1,20,30,0,0
1,20,40,0,1
1,20,45,0,2
1,20,46,0,1
1,20,48,0,1
1,20,49,0,4
1,0,21,0,3
1,0,22,0,2
1,0,29,0,0
1,0,30,0,3
1,0,33,0,1
1,0,37,0,1
1,0,39,0,2
1,0,43,0,3
1,0,48,0,4
1,0,49,0,2
1,14,27,0,3
1,14,28,0,0
1,14,34,0,4
1,14,41,0,1
1,14,49,0,0
1,5,24,0,1
1,5,33,0,2
1,5,35,0,3
1,5,39,0,1
1,17,22,0,0
1,17,24,0,3
1,17,26,0,3
1,17,28,0,2
1,17,29,0,1
1,17,30,0,4
1,17,31,0,4
1,17,34,0,3
1,17,35,0,2
1,17,38,0,3
1,17,39,0,3
1,17,40,0,3
1,17,43,0,0
1,17,44,0,1
1,17,45,0,3
1,17,47,0,3
1,17,48,0,2
1,17,49,0,4
1,15,38,0,2
1,3,49,0,1
1,18,49,0,2
7,20,21,0,3
7,20,27,0,1
7,20,31,0,2
7,20,36,0,3
7,20,39,0,4
7,20,46,0,3
7,20,49,0,2
7,0,21,0,0
7,0,22,0,3
7,0,23,0,0
7,0,24,0,4
7,0,26,0,0
7,0,27,0,2
7,0,29,0,1
7,0,30,0,3
7,0,33,0,3
7,0,34,0,2
7,0,35,0,1
7,0,36,0,2
7,0,37,0,4
7,0,39,0,4
7,0,40,0,2
7,0,41,0,1
7,0,42,0,1
7,0,44,0,1
7,0,46,0,1
7,0,47,0,3
7,0,48,0,2
7,0,49,0,2
7,14,23,0,4
7,14,27,0,4
7,14,28,0,2
7,14,29,0,2
7,14,35,0,2
7,14,36,0,3
7,14,39,0,2
7,14,40,0,1
7,14,41,0,4
7,14,42,0,1
7,14,49,0,1
7,5,24,0,1
7,5,27,0,2
7,5,36,0,4
7,5,46,0,0
7,17,21,0,3
7,17,22,0,1
7,17,24,0,3
7,17,27,0,2
7,17,30,0,3
7,17,32,0,2
7,17,33,0,2
7,17,34,0,2
7,17,35,0,4
7,17,36,0,4
7,17,37,0,2
7,17,39,0,2
7,17,40,0,2
7,17,42,0,3
7,17,44,0,3
7,17,46,0,4
7,17,47,0,2
7,17,48,0,4
7,17,49,0,3
7,15,21,0,3
7,15,24,0,0
7,15,27,0,0
7,15,30,0,4
7,15,33,0,3
7,15,35,0,1
7,15,36,0,0
7,15,37,0,4
7,15,39,0,1
7,15,49,0,2
7,3,21,0,3
7,3,24,0,4
7,3,27,0,2
7,3,30,0,1
7,3,36,0,3
7,3,39,0,3
7,3,41,0,4
7,3,46,0,2
7,3,48,0,1
7,3,49,0,3
7,16,21,0,1
7,16,23,0,0
7,16,24,0,4
7,16,25,0,0
7,16,27,0,4
7,16,29,0,4
7,16,30,0,2
7,16,35,0,2
7,16,36,0,3
7,16,37,0,4
7,16,39,0,2
7,16,40,0,4
7,16,41,0,1
7,16,42,0,2
7,16,44,0,2
7,16,45,0,0
7,16,46,0,1
7,16,48,0,4
7,16,49,0,4
7,18,21,0,0
7,18,22,0,2
7,18,23,0,3
7,18,24,0,3
7,18,25,0,0
7,18,26,0,1
7,18,27,0,2
7,18,29,0,0
7,18,30,0,4
7,18,33,0,4
7,18,34,0,0
7,18,35,0,0
7,18,36,0,3
7,18,37,0,2
7,18,38,0,0
7,18,39,0,4
7,18,40,0,4
7,18,41,0,3
7,18,42,0,0
7,18,44,0,1
7,18,45,0,4
7,18,46,0,3
7,18,47,0,0
7,18,48,0,4
7,18,49,0,2
12,20,34,0,0
12,20,35,0,3
12,20,45,0,2
12,0,21,0,1
12,0,22,0,2
12,0,23,0,4
12,0,24,0,4
12,0,26,0,2
12,0,27,0,4
12,0,29,0,4
12,0,30,0,4
12,0,33,0,1
12,0,34,0,4
12,0,35,0,2
12,0,36,0,3
12,0,37,0,0
12,0,39,0,1
12,0,40,0,1
12,0,42,0,1
12,0,45,0,3
12,0,46,0,2
12,0,47,0,4
12,0,48,0,4
12,0,49,0,0
12,14,34,0,3
12,14,41,0,3
12,5,21,0,4
12,5,27,0,4
12,5,39,0,4
12,5,46,0,3
12,17,21,0,3
12,17,22,0,3
12,17,24,0,2
12,17,25,0,2
12,17,29,0,1
12,17,31,0,4
12,17,34,0,0
12,17,35,0,1
12,17,36,0,0
12,17,37,0,4
12,17,45,0,3
12,17,46,0,3
12,15,22,0,4
12,15,34,0,0
12,15,39,0,0
12,3,21,0,0
12,3,24,0,0
12,3,31,0,4
12,3,34,0,4
12,3,40,0,3
12,3,46,0,0
12,3,48,0,4
12,3,49,0,3
12,16,34,0,0
12,16,40,0,4
12,16,46,0,2
12,18,21,0,0
12,18,22,0,2
12,18,24,0,1
12,18,27,0,1
12,18,34,0,1
12,18,35,0,1
12,18,49,0,1
19,3,24,0,1
16,0,24,0,3
16,0,35,0,2
16,0,37,0,4
16,0,40,0,1
16,0,42,0,0
16,0,49,0,0
16,17,49,0,0
16,19,49,0,3
16,3,40,0,0
16,11,25,0,3
16,11,29,0,1
16,11,35,0,1
16,11,38,0,2
16,11,43,0,3
16,11,46,0,0
11,3,29,0,1
11,3,46,0,1
11,3,49,0,4
8,20,22,0,2
8,20,23,0,4
8,20,24,0,0
8,20,26,0,2
8,20,27,0,4
8,20,28,0,2
8,20,29,0,2
8,20,31,0,0
8,20,32,0,3
8,20,33,0,2
8,20,34,0,2
8,20,35,0,3
8,20,36,0,0
8,20,37,0,0
8,20,38,0,0
8,20,40,0,3
8,20,41,0,1
8,20,45,0,0
8,20,46,0,4
8,20,47,0,4
8,20,48,0,0
8,20,49,0,4
8,0,21,0,2
8,0,22,0,2
8,0,23,0,0
8,0,24,0,1
8,0,27,0,0
8,0,28,0,0
8,0,29,0,0
8,0,32,0,4
8,0,33,0,3
8,0,34,0,4
8,0,35,0,3
8,0,36,0,4
8,0,37,0,4
8,0,38,0,1
8,0,39,0,1
8,0,40,0,0
8,0,41,0,1
8,0,42,0,2
8,0,46,0,4
8,0,47,0,0
8,0,48,0,1
8,0,49,0,4
8,14,27,0,0
8,14,28,0,4
8,14,29,0,4
8,14,34,0,0
8,14,41,0,2
8,14,46,0,0
8,14,49,0,2
8,5,46,0,3
8,17,21,0,0
8,17,22,0,1
8,17,24,0,3
8,17,25,0,3
8,17,27,0,1
8,17,28,0,0
8,17,29,0,0
8,17,30,0,2
8,17,31,0,1
8,17,33,0,0
8,17,34,0,4
8,17,35,0,3
8,17,36,0,0
8,17,37,0,0
8,17,38,0,2
8,17,40,0,0
8,17,41,0,1
8,17,42,0,2
8,17,45,0,2
8,17,46,0,1
8,17,47,0,4
8,17,49,0,3
8,15,29,0,0
8,15,32,0,1
8,15,34,0,3
8,15,35,0,2
8,15,38,0,1
8,15,39,0,4
8,15,41,0,4
8,15,46,0,1
8,16,29,0,3
8,16,35,0,1
8,16,40,0,3
8,16,41,0,4
8,16,46,0,2
8,16,49,0,1
8,18,21,0,3
8,18,22,0,0
8,18,23,0,3
8,18,24,0,1
8,18,27,0,0
8,18,32,0,0
8,18,34,0,2
8,18,35,0,0
8,18,36,0,4
8,18,40,0,3
8,18,41,0,0
8,18,49,0,1
2,20,21,0,0
2,20,22,0,0
2,20,24,0,2
2,20,27,0,3
2,20,29,0,0
2,20,33,0,0
2,20,34,0,3
2,20,35,0,4
2,20,37,0,4
2,20,40,0,4
2,20,45,0,3
2,20,46,0,2
2,20,48,0,1
2,20,49,0,2
2,0,21,0,2
2,0,22,0,4
2,0,24,0,2
2,0,26,0,0
2,0,27,0,3
2,0,29,0,2
2,0,33,0,1
2,0,34,0,4
2,0,35,0,3
2,0,36,0,0
2,0,37,0,1
2,0,39,0,2
2,0,40,0,1
2,0,42,0,0
2,0,43,0,1
2,0,45,0,2
2,0,46,0,3
2,0,47,0,2
2,0,48,0,3
2,0,49,0,0
2,14,24,0,0
2,14,27,0,4
2,14,28,0,3
2,14,34,0,4
2,14,41,0,2
2,14,47,0,3
2,14,48,0,4
2,14,49,0,2
2,5,21,0,4
2,5,24,0,3
2,5,29,0,1
2,5,40,0,4
2,5,46,0,2
2,17,22,0,0
2,17,24,0,0
2,17,25,0,2
2,17,27,0,4
2,17,29,0,3
2,17,30,0,0
2,17,31,0,0
2,17,33,0,4
2,17,34,0,0
2,17,35,0,4
2,17,36,0,1
2,17,37,0,2
2,17,43,0,3
2,17,44,0,4
2,17,45,0,4
2,17,46,0,1
2,17,48,0,4
2,17,49,0,0
2,15,21,0,1
2,15,24,0,2
2,15,27,0,1
2,15,29,0,1
2,15,34,0,1
2,15,37,0,4
2,15,47,0,4
2,15,48,0,3
2,3,21,0,0
2,3,24,0,4
2,3,29,0,4
2,3,32,0,0
2,3,34,0,3
2,3,40,0,0
2,3,47,0,1
2,3,48,0,4
2,3,49,0,4
2,16,21,0,1
2,16,24,0,4
2,16,29,0,3
2,16,34,0,0
2,16,39,0,4
2,16,40,0,0
2,16,46,0,3
2,16,47,0,4
2,16,48,0,1
2,16,49,0,0
2,18,21,0,4
2,18,22,0,1
2,18,23,0,3
2,18,24,0,4
2,18,27,0,4
2,18,34,0,3
2,18,35,0,1
2,18,36,0,1
2,18,39,0,4
2,18,40,0,0
2,18,41,0,4
2,18,44,0,0
2,18,47,0,4
2,18,48,0,3
2,18,49,0,2
18,0,22,0,2
18,0,24,0,4
18,0,33,0,3
18,0,35,0,1
18,0,37,0,1
18,14,23,0,4
18,14,34,0,2
18,5,35,0,0
18,5,44,0,2
18,17,22,0,3
18,17,23,0,0
18,17,27,0,2
18,17,28,0,1
18,17,33,0,2
18,17,34,0,1
18,17,35,0,3
18,17,36,0,3
18,17,37,0,0
18,17,39,0,2
18,17,40,0,2
18,17,41,0,3
18,17,42,0,0
18,17,44,0,2
18,17,47,0,3
18,17,49,0,3
18,4,24,0,1
18,4,27,0,0
18,4,33,0,0
18,4,36,0,4
18,4,39,0,4
18,4,44,0,2
18,15,21,0,1
18,15,35,0,0
18,15,46,0,3
18,19,21,0,0
18,19,35,0,3
18,19,44,0,0
18,3,29,0,4
18,3,31,0,2
18,3,35,0,3
18,3,40,0,3
18,3,44,0,4
18,3,49,0,2
18,16,28,0,3
18,16,35,0,1
18,16,40,0,4
18,16,44,0,1
18,16,45,0,2
18,16,49,0,0
18,11,36,0,0
