DB00188,0
DB00331,1
DB00361,2
DB00398,3
DB00441,4
DB00530,5
DB00544,6
DB00563,7
DB00570,8
DB00773,9
DB00997,10
DB01030,11
DB01229,12
DB01234,13
DB01254,14
DB01259,15
DB01268,16
DB02424,17
DB02546,18
DB05482,19
DB07232,20
A2058,21
A2780,22
A375,23
CAOV3,24
DLD1,25
ES2,26
HCT116,27
HT144,28
HT29,29
KPL1,30
LOVO,31
MDAMB436,32
NCIH1650,33
NCIH2122,34
NCIH23,35
NCIH460,36
NCIH520,37
OV90,38
RKO,39
RPMI7951,40
SKMEL30,41
SKMES1,42
SKOV3,43
SW620,44
SW837,45
T47D,46
UACC62,47
VCAP,48
ZR751,49
10,50
100,51
10001,52
10002,53
10005,54
10008,55
10010,56
10011,57
100124700,58
100129654,59
10013,60
100131801,61
100131816,62
100132476,63
100137047,64
10014,65
10016,66
10019,67
1002,68
10020,69
10023,70
10025,71
100272147,72
100287932,73
100288797,74
100293516,75
10036,76
10038,77
10039,78
1004,79
10040,80
10043,81
10045,82
10048,83
1005,84
100506144,85
100506742,86
100507290,87
10054,88
10055,89
10056,90
10058,91
10059,92
1006,93
10060,94
10061,95
10062,96
10068,97
1007,98
10071,99
10073,100
10075,101
10078,102
10079,103
1008,104
10083,105
10087,106
1009,107
10093,108
10096,109
10097,110
10098,111
10099,112
1010,113
10101,114
10102,115
10103,116
10105,117
10111,118
10112,119
10113,120
10114,121
10126,122
10127,123
10130,124
10131,125
10134,126
10135,127
10137,128
1014,129
10140,130
10142,131
10146,132
10149,133
10152,134
1016,135
10162,136
10163,137
1017,138
10172,139
10179,140
1018,141
10188,142
1019,143
10190,144
10193,145
10195,146
102,147
1020,148
10200,149
10201,150
10203,151
10208,152
10209,153
1021,154
10210,155
10214,156
10221,157
10225,158
10227,159
10228,160
10232,161
10233,162
10235,163
10237,164
10238,165
1024,166
10240,167
10243,168
10244,169
10245,170
10248,171
10249,172
10251,173
10252,174
10253,175
10257,176
10263,177
10265,178
10266,179
10269,180
1027,181
10270,182
10272,183
10277,184
10280,185
10282,186
10284,187
10285,188
10286,189
10288,190
10294,191
10297,192
10298,193
10299,194
10302,195
10308,196
10309,197
10313,198
10319,199
1032,200
10320,201
10321,202
10325,203
10327,204
10328,205
10329,206
10333,207
10336,208
10344,209
1036,210
10360,211
10367,212
10368,213
10369,214
10370,215
10379,216
1038,217
10380,218
10384,219
1039,220
10390,221
103910,222
10392,223
10395,224
10397,225
10399,226
10401,227
10407,228
1041,229
10417,230
10420,231
10421,232
10422,233
10424,234
10425,235
10426,236
10427,237
10428,238
10430,239
10436,240
10437,241
10439,242
10440,243
10443,244
10444,245
10445,246
10446,247
10449,248
10450,249
10451,250
10455,251
10461,252
10464,253
10467,254
10469,255
1047,256
10471,257
10472,258
10473,259
10475,260
10478,261
10479,262
1048,263
10481,264
10482,265
10484,266
10485,267
10487,268
10489,269
10490,270
10494,271
10498,272
10499,273
1050,274
1051,275
10513,276
10514,277
10518,278
10519,279
10520,280
10521,281
10522,282
10523,283
10524,284
10525,285
10528,286
10529,287
1053,288
10531,289
10539,290
10542,291
10544,292
10550,293
10551,294
10554,295
1056,296
10560,297
10564,298
10567,299
10569,300
10573,301
10574,302
10578,303
10585,304
10586,305
10587,306
10590,307
10591,308
10594,309
10607,310
10610,311
10612,312
10614,313
1062,314
10623,315
10627,316
10628,317
10629,318
10635,319
10642,320
10643,321
10645,322
10647,323
10654,324
10656,325
10657,326
10661,327
10666,328
10667,329
10671,330
10677,331
10678,332
10681,333
10682,334
10686,335
1069,336
10692,337
10693,338
1071,339
10713,340
10714,341
10716,342
10717,343
10718,344
1072,345
10724,346
10730,347
10732,348
10733,349
10738,350
10739,351
10741,352
10742,353
10746,354
1075,355
10750,356
10752,357
10761,358
10767,359
10769,360
10771,361
10776,362
10777,363
10780,364
10781,365
10782,366
10783,367
10787,368
10794,369
108,370
1080,371
10806,372
10809,373
10813,374
10814,375
10816,376
10818,377
10825,378
10844,379
10850,380
10855,381
10859,382
10863,383
10864,384
10865,385
1087,386
10880,387
10885,388
10890,389
10891,390
10892,391
10893,392
10897,393
10898,394
10899,395
10902,396
10905,397
10906,398
10908,399
10911,400
10913,401
10919,402
10921,403
10924,404
10927,405
10929,406
10930,407
10943,408
10944,409
10945,410
10946,411
10948,412
10949,413
10950,414
10955,415
10956,416
10957,417
10959,418
10963,419
10974,420
10975,421
10978,422
10979,423
10983,424
10990,425
10992,426
10994,427
10998,428
11004,429
11005,430
11011,431
11016,432
1102,433
11021,434
11026,435
1103,436
11033,437
11037,438
1104,439
11040,440
11041,441
11043,442
11045,443
11052,444
11059,445
11060,446
11061,447
11062,448
11066,449
11067,450
11069,451
11070,452
11074,453
11075,454
11076,455
11078,456
1108,457
11080,458
11081,459
11083,460
1109,461
11091,462
11093,463
11094,464
11097,465
111,466
11107,467
1111,468
11112,469
11116,470
11118,471
11122,472
11123,473
11126,474
11128,475
1113,476
11136,477
11137,478
1114,479
11140,480
11142,481
11144,482
11145,483
11147,484
11153,485
1116,486
11160,487
11161,488
11162,489
11164,490
11168,491
11170,492
11179,493
11180,494
11183,495
11184,496
11185,497
11189,498
11190,499
11194,500
11196,501
11197,502
11198,503
11199,504
11200,505
11201,506
1121,507
11211,508
11212,509
1122,510
11222,511
11226,512
11231,513
11240,514
112476,515
112479,516
11248,517
112483,518
11257,519
11260,520
112609,521
11262,522
11264,523
112724,524
11273,525
11275,526
112752,527
112755,528
11279,529
1128,530
112802,531
11283,532
11284,533
112936,534
112939,535
112950,536
112970,537
113,538
1130,539
11309,540
113091,541
1131,542
11311,543
11313,544
11315,545
113174,546
113179,547
113235,548
11326,549
113263,550
1133,551
11330,552
11331,553
11334,554
11335,555
11336,556
11338,557
11339,558
11340,559
11342,560
11344,561
113452,562
11346,563
1136,564
113655,565
113730,566
113746,567
113791,568
1138,569
114,570
1140,571
114026,572
114034,573
114049,574
114132,575
114299,576
114327,577
114548,578
114609,579
1147,580
114769,581
114781,582
114783,583
114784,584
114785,585
114790,586
114793,587
114794,588
114799,589
114805,590
114823,591
114825,592
114876,593
114882,594
114883,595
114885,596
114899,597
1149,598
114908,599
114932,600
114971,601
114984,602
114987,603
114990,604
115019,605
115098,606
1152,607
115201,608
115265,609
115294,610
1153,611
115362,612
115572,613
115584,614
115650,615
115677,616
115703,617
115704,618
115752,619
1158,620
115817,621
115948,622
115950,623
115992,624
1160,625
116071,626
116085,627
116113,628
116115,629
116143,630
116173,631
116228,632
116238,633
116328,634
116337,635
116379,636
116443,637
116447,638
116449,639
116461,640
116540,641
116832,642
116835,643
116840,644
116841,645
116844,646
116983,647
116985,648
117,649
117157,650
117159,651
117245,652
117247,653
117283,654
117286,655
1173,656
1174,657
117531,658
117581,659
1178,660
1179,661
1180,662
1181,663
1182,664
118424,665
118426,666
118427,667
118430,668
118460,669
118471,670
118487,671
118611,672
118813,673
118881,674
118924,675
118980,676
119032,677
1193,678
1195,679
119504,680
1196,681
1198,682
120,683
1200,684
120103,685
120224,686
1203,687
120379,688
120892,689
1212,690
121260,691
121278,692
1213,693
121441,694
121506,695
121536,696
122042,697
122258,698
122481,699
122525,700
122773,701
122961,702
1230,703
123096,704
123169,705
123228,706
123263,707
123688,708
123811,709
123872,710
123970,711
124,712
124044,713
124056,714
124220,715
124245,716
124359,717
1244,718
124411,719
124454,720
124512,721
124535,722
124540,723
124583,724
124590,725
124599,726
124637,727
124790,728
124857,729
124925,730
124935,731
125,732
125113,733
125115,734
125144,735
125170,736
125336,737
125476,738
125965,739
126,740
126003,741
126006,742
126014,743
126068,744
126069,745
126070,746
126074,747
126075,748
1261,749
126129,750
126248,751
126259,752
1263,753
126374,754
126375,755
126382,756
126393,757
126526,758
126669,759
126820,760
126823,761
126859,762
126868,763
127,764
127018,765
1272,766
127247,767
127253,768
127254,769
127255,770
127262,771
127281,772
127294,773
127687,774
127795,775
127829,776
127933,777
128,778
128061,779
128209,780
128229,781
128308,782
128434,783
1285,784
128553,785
128710,786
1288,787
128866,788
128872,789
129025,790
129138,791
1293,792
129446,793
129531,794
1296,795
129685,796
1297,797
129787,798
129852,799
129880,800
1299,801
130,802
130013,803
130074,804
1301,805
130271,806
130340,807
130355,808
130507,809
130535,810
130540,811
130576,812
130617,813
130916,814
130951,815
1310,816
131034,817
131118,818
131375,819
1314,820
131450,821
1315,822
131578,823
1316,824
131601,825
131870,826
132,827
132014,828
132158,829
132320,830
132430,831
132660,832
1327,833
132789,834
133015,835
133396,836
133584,837
133619,838
133686,839
133746,840
1339,841
133957,842
134147,843
134353,844
134430,845
1345,846
134553,847
1347,848
135,849
1351,850
135112,851
135138,852
135154,853
135250,854
135293,855
1355,856
135644,857
135656,858
1358,859
135886,860
135892,861
135932,862
136051,863
1361,864
136242,865
136259,866
136371,867
1365,868
1366,869
136647,870
136991,871
1373,872
137362,873
1374,874
137492,875
137695,876
137868,877
137872,878
137964,879
1380,880
138009,881
138046,882
138065,883
1381,884
138162,885
1382,886
1384,887
138474,888
1387,889
1388,890
1390,891
139065,892
139135,893
139170,894
139341,895
1395,896
1396,897
139628,898
1397,899
1399,900
140,901
1401,902
140290,903
1404,904
140456,905
140458,906
140461,907
140462,908
140469,909
140564,910
1406,911
140679,912
140683,913
140688,914
140710,915
140733,916
140738,917
140775,918
1408,919
140801,920
140803,921
140807,922
140809,923
140825,924
140838,925
140880,926
140901,927
1411,928
1413,929
1418,930
142,931
1420,932
142680,933
142685,934
142689,935
1428,936
142940,937
143098,938
143187,939
1432,940
143241,941
143379,942
143384,943
143425,944
1436,945
144097,946
144100,947
144108,948
144110,949
144132,950
1442,951
144233,952
144245,953
144402,954
144406,955
1445,956
144501,957
1446,958
1448,959
1452,960
145226,961
145258,962
1453,963
1454,964
145482,965
145483,966
1455,967
145508,968
145567,969
1456,970
145645,971
1457,972
145773,973
145781,974
1459,975
145957,976
1460,977
146225,978
1464,979
146433,980
146439,981
1465,982
146542,983
146691,984
146722,985
146760,986
1468,987
146849,988
146850,989
146862,990
1469,991
147015,992
147339,993
147381,994
147495,995
147525,996
147650,997
147657,998
147664,999
147685,1000
147687,1001
147694,1002
1477,1003
147746,1004
1478,1005
147807,1006
147808,1007
147837,1008
147906,1009
147920,1010
147929,1011
148014,1012
148103,1013
148223,1014
148229,1015
148254,1016
148304,1017
148327,1018
148362,1019
148413,1020
148423,1021
148581,1022
1486,1023
1488,1024
149041,1025
149069,1026
149076,1027
1493,1028
149371,1029
149428,1030
149461,1031
149473,1032
1495,1033
149563,1034
149986,1035
150082,1036
150084,1037
150094,1038
150209,1039
150274,1040
150275,1041
1503,1042
150353,1043
150365,1044
150590,1045
1506,1046
150678,1047
150684,1048
150709,1049
150771,1050
150864,1051
151,1052
151056,1053
1511,1054
151112,1055
151126,1056
151194,1057
151195,1058
151242,1059
151254,1060
151295,1061
1514,1062
151516,1063
151556,1064
151647,1065
151649,1066
151742,1067
151871,1068
151888,1069
151903,1070
151963,1071
151987,1072
152,1073
152002,1074
152098,1075
1521,1076
152137,1077
152185,1078
152273,1079
152404,1080
1525,1081
152518,1082
152573,1083
1528,1084
152815,1085
152816,1086
152831,1087
153,1088
153090,1089
153129,1090
153218,1091
153222,1092
153328,1093
1534,1094
153527,1095
153642,1096
153643,1097
153657,1098
153733,1099
153769,1100
153830,1101
1540,1102
154007,1103
154075,1104
154214,1105
154313,1106
1544,1107
154664,1108
154790,1109
154796,1110
154865,1111
155054,1112
155060,1113
155061,1114
155066,1115
155382,1116
155465,1117
1559,1118
1562,1119
157,1120
1571,1121
157310,1122
157313,1123
1576,1124
157695,1125
1577,1126
157739,1127
157769,1128
157922,1129
1580,1130
158067,1131
158326,1132
158471,1133
158506,1134
1586,1135
158787,1136
158809,1137
158880,1138
159090,1139
1591,1140
159162,1141
159195,1142
1593,1143
159686,1144
1600,1145
160065,1146
160140,1147
1602,1148
1604,1149
160492,1150
160622,1151
160777,1152
160851,1153
161,1154
1610,1155
161003,1156
1611,1157
161142,1158
161247,1159
1613,1160
161357,1161
161436,1162
161514,1163
1616,1164
161742,1165
1618,1166
161829,1167
161882,1168
162,1169
162073,1170
1621,1171
1622,1172
162239,1173
162427,1174
162461,1175
162494,1176
162514,1177
1627,1178
1628,1179
162966,1180
162967,1181
162989,1182
163,1183
163033,1184
163050,1185
163051,1186
163081,1187
163115,1188
163154,1189
163183,1190
163259,1191
1633,1192
163590,1193
163782,1194
1639,1195
164,1196
164127,1197
1642,1198
1643,1199
1645,1200
1647,1201
164781,1202
165215,1203
1654,1204
1655,1205
165530,1206
1657,1207
165721,1208
165904,1209
166,1210
1660,1211
1662,1212
166336,1213
166378,1214
166815,1215
166824,1216
166979,1217
1670,1218
1672,1219
167410,1220
167465,1221
1678,1222
167826,1223
167838,1224
168002,1225
168090,1226
168374,1227
168391,1228
168400,1229
168455,1230
168544,1231
169026,1232
169166,1233
169200,1234
169522,1235
169693,1236
169714,1237
169834,1238
169981,1239
170463,1240
170482,1241
170575,1242
170591,1243
170680,1244
170685,1245
170825,1246
170954,1247
171023,1248
171177,1249
171425,1250
171483,1251
171558,1252
1717,1253
1719,1254
172,1255
1723,1256
1727,1257
1734,1258
1735,1259
1736,1260
1738,1261
1739,1262
1740,1263
1742,1264
1743,1265
1745,1266
1746,1267
1747,1268
1748,1269
1749,1270
175,1271
1750,1272
1755,1273
1756,1274
1758,1275
1759,1276
176,1277
1760,1278
1761,1279
1762,1280
1767,1281
1768,1282
1769,1283
1770,1284
1773,1285
1775,1286
178,1287
1780,1288
1785,1289
1786,1290
1787,1291
1794,1292
1797,1293
1798,1294
18,1295
1802,1296
1808,1297
1809,1298
1810,1299
1811,1300
1816,1301
1820,1302
1821,1303
1822,1304
1823,1305
1826,1306
183,1307
1830,1308
1833,1309
1834,1310
1852,1311
1854,1312
1856,1313
1857,1314
1859,1315
187,1316
1874,1317
1891,1318
1892,1319
190,1320
1907,1321
1912,1322
1915,1323
1917,1324
192111,1325
192670,1326
192683,1327
1938,1328
1939,1329
1943,1330
1944,1331
1945,1332
1947,1333
1952,1334
1954,1335
1956,1336
195814,1337
196,1338
1960,1339
1964,1340
196463,1341
196477,1342
196527,1343
1968,1344
1969,1345
197,1346
197131,1347
197257,1348
197320,1349
197322,1350
197358,1351
1974,1352
1977,1353
1979,1354
1981,1355
1982,1356
1984,1357
199221,1358
199223,1359
1994,1360
199692,1361
199704,1362
199713,1363
199777,1364
1998,1365
199800,1366
199857,1367
199920,1368
199953,1369
2,1370
20,1371
2000,1372
200014,1373
2001,1374
200132,1375
200185,1376
200186,1377
200205,1378
2005,1379
200504,1380
200539,1381
200558,1382
2006,1383
200634,1384
200734,1385
200845,1386
200894,1387
200933,1388
2010,1389
2011,1390
201134,1391
201181,1392
2012,1393
201254,1394
201266,1395
201292,1396
201299,1397
2013,1398
201456,1399
201475,1400
201501,1401
2016,1402
201627,1403
201633,1404
201725,1405
201780,1406
201895,1407
201931,1408
2020,1409
202018,1410
202051,1411
202333,1412
2027,1413
203068,1414
203100,1415
203197,1416
203228,1417
2033,1418
203328,1419
2034,1420
203447,1421
203523,1422
203547,1423
203859,1424
204,1425
2040,1426
2042,1427
2043,1428
2044,1429
204474,1430
2045,1431
2046,1432
2047,1433
2048,1434
204851,1435
2050,1436
2051,1437
2052,1438
2053,1439
205327,1440
2055,1441
205564,1442
2056,1443
2057,1444
205717,1445
2060,1446
2063,1447
206358,1448
2064,1449
2065,1450
2066,1451
2068,1452
207,1453
2072,1454
2077,1455
2078,1456
208,1457
2098,1458
2099,1459
210,1460
2100,1461
2101,1462
2103,1463
2104,1464
2107,1465
2108,1466
2109,1467
2110,1468
2116,1469
2117,1470
2119,1471
2122,1472
2125,1473
213,1474
2130,1475
2137,1476
2138,1477
2147,1478
2153,1479
2155,1480
2157,1481
2159,1482
2160,1483
2162,1484
2165,1485
2166,1486
2169,1487
217,1488
2170,1489
218,1490
2181,1491
2186,1492
219293,1493
2194,1494
219402,1495
219541,1496
219670,1497
219736,1498
219738,1499
219743,1500
219749,1501
219771,1502
219844,1503
219854,1504
219899,1505
2199,1506
219972,1507
22,1508
220136,1509
220164,1510
220213,1511
2203,1512
220388,1513
2204,1514
2205,1515
2207,1516
2208,1517
220965,1518
220992,1519
221,1520
221002,1521
221035,1522
221091,1523
221092,1524
221143,1525
221154,1526
221264,1527
221302,1528
221393,1529
221421,1530
221458,1531
221477,1532
221496,1533
2215,1534
221504,1535
221527,1536
221656,1537
2217,1538
221711,1539
221785,1540
221830,1541
221833,1542
2219,1543
221927,1544
221935,1545
221937,1546
222,1547
2220,1548
222068,1549
222194,1550
222235,1551
2224,1552
222484,1553
222546,1554
222658,1555
222662,1556
222663,1557
222696,1558
222826,1559
222894,1560
222950,1561
223,1562
223082,1563
2232,1564
2235,1565
2241,1566
2243,1567
2244,1568
2247,1569
2248,1570
2249,1571
225,1572
2251,1573
2252,1574
2253,1575
2254,1576
2255,1577
2258,1578
2259,1579
2260,1580
2261,1581
2262,1582
2263,1583
2264,1584
2266,1585
2267,1586
2268,1587
22794,1588
22795,1589
22796,1590
2280,1591
22803,1592
22818,1593
22820,1594
22821,1595
22826,1596
22828,1597
22832,1598
22836,1599
22841,1600
22846,1601
22848,1602
22849,1603
22853,1604
22858,1605
2286,1606
22864,1607
22865,1608
22870,1609
22872,1610
22877,1611
22879,1612
2288,1613
22880,1614
22883,1615
22884,1616
22889,1617
22890,1618
22893,1619
22894,1620
22895,1621
22898,1622
22899,1623
22902,1624
22904,1625
22908,1626
22909,1627
22911,1628
22913,1629
22919,1630
22920,1631
22921,1632
22928,1633
22929,1634
22931,1635
22933,1636
22934,1637
22936,1638
2294,1639
22948,1640
22953,1641
22955,1642
2296,1643
22977,1644
22978,1645
22980,1646
22984,1647
22986,1648
2299,1649
22994,1650
22999,1651
23,1652
23002,1653
23012,1654
23013,1655
23019,1656
2302,1657
23023,1658
23025,1659
23028,1660
23029,1661
23030,1662
23032,1663
23033,1664
23035,1665
23036,1666
23038,1667
2304,1668
23041,1669
23042,1670
23043,1671
23048,1672
23051,1673
23054,1674
23061,1675
23064,1676
23065,1677
23070,1678
23071,1679
23072,1680
23074,1681
23076,1682
23080,1683
23081,1684
23082,1685
23085,1686
23087,1687
2309,1688
23091,1689
23097,1690
23098,1691
231,1692
23102,1693
23105,1694
23107,1695
23113,1696
23114,1697
23116,1698
23119,1699
23122,1700
23127,1701
23130,1702
23132,1703
23136,1704
23138,1705
23140,1706
23151,1707
23152,1708
23157,1709
23158,1710
2316,1711
23160,1712
23161,1713
23162,1714
23166,1715
23171,1716
23173,1717
23175,1718
23176,1719
23181,1720
23184,1721
23192,1722
23193,1723
23197,1724
23199,1725
23200,1726
23203,1727
23204,1728
23205,1729
23207,1730
2321,1731
23214,1732
23215,1733
23216,1734
23219,1735
2322,1736
23223,1737
23235,1738
23237,1739
2324,1740
23240,1741
23241,1742
23243,1743
23247,1744
23250,1745
23254,1746
23259,1747
23264,1748
23268,1749
23270,1750
23279,1751
23284,1752
23287,1753
23291,1754
23295,1755
23300,1756
23303,1757
23305,1758
23309,1759
23310,1760
23313,1761
23315,1762
23316,1763
23318,1764
23324,1765
23326,1766
23327,1767
23328,1768
23329,1769
23332,1770
23334,1771
23339,1772
2334,1773
23344,1774
23352,1775
23353,1776
23355,1777
23358,1778
23359,1779
23368,1780
23369,1781
23370,1782
23371,1783
23376,1784
23378,1785
23380,1786
23381,1787
23383,1788
23386,1789
23387,1790
23389,1791
2339,1792
23392,1793
23394,1794
23396,1795
23398,1796
23399,1797
23403,1798
23404,1799
23405,1800
23408,1801
23409,1802
23410,1803
23411,1804
23414,1805
23416,1806
23417,1807
23423,1808
23431,1809
23443,1810
23450,1811
23456,1812
23457,1813
2346,1814
23460,1815
23464,1816
23468,1817
23469,1818
23471,1819
23473,1820
23476,1821
23478,1822
2348,1823
23480,1824
23483,1825
23495,1826
23499,1827
23503,1828
23504,1829
23506,1830
23509,1831
23510,1832
23512,1833
23513,1834
23516,1835
23517,1836
23518,1837
23520,1838
23522,1839
23524,1840
23534,1841
23536,1842
23538,1843
2354,1844
23541,1845
23548,1846
23549,1847
2355,1848
23551,1849
23555,1850
23556,1851
23557,1852
23558,1853
2356,1854
23566,1855
23567,1856
23568,1857
2358,1858
23583,1859
23587,1860
23592,1861
23593,1862
23597,1863
23601,1864
23603,1865
23604,1866
23607,1867
23609,1868
23613,1869
23619,1870
23623,1871
23632,1872
23635,1873
23639,1874
23644,1875
23645,1876
23646,1877
23647,1878
23657,1879
23658,1880
23659,1881
23660,1882
23673,1883
23676,1884
23678,1885
23704,1886
23729,1887
23741,1888
23743,1889
23759,1890
23770,1891
23774,1892
23786,1893
23788,1894
238,1895
240,1896
24139,1897
24140,1898
24144,1899
24148,1900
2444,1901
245806,1902
245972,1903
246175,1904
246243,1905
246269,1906
246330,1907
246777,1908
246778,1909
247,1910
2488,1911
2492,1912
25,1913
250,1914
251,1915
2512,1916
2515,1917
2520,1918
2521,1919
2524,1920
2526,1921
252839,1922
252884,1923
2529,1924
252983,1925
252995,1926
2530,1927
253190,1928
2532,1929
2534,1930
2535,1931
253639,1932
253650,1933
2537,1934
253724,1935
2539,1936
253943,1937
253980,1938
254013,1939
254065,1940
254170,1941
254173,1942
254187,1943
2542,1944
254295,1945
2543,1946
254428,1947
254531,1948
254827,1949
2550,1950
255193,1951
2553,1952
255394,1953
255403,1954
255426,1955
2555,1956
255520,1957
2556,1958
255738,1959
255743,1960
255758,1961
255762,1962
2559,1963
255919,1964
2560,1965
256006,1966
256281,1967
256302,1968
256356,1969
256471,1970
256536,1971
256933,1972
256949,1973
2570,1974
257000,1975
257019,1976
257062,1977
2571,1978
257144,1979
257236,1980
257240,1981
25759,1982
25769,1983
25771,1984
25775,1985
25777,1986
25778,1987
25782,1988
25788,1989
25793,1990
2580,1991
25800,1992
25803,1993
25804,1994
2581,1995
25813,1996
25814,1997
25824,1998
25828,1999
25831,2000
25833,2001
25837,2002
25839,2003
25842,2004
2585,2005
25851,2006
25852,2007
25865,2008
25873,2009
25874,2010
25875,2011
25876,2012
2588,2013
25880,2014
25885,2015
2589,2016
25893,2017
25898,2018
2590,2019
25901,2020
25902,2021
25906,2022
25909,2023
25912,2024
259173,2025
2592,2026
25920,2027
259215,2028
25923,2029
259230,2030
259232,2031
25924,2032
259249,2033
25929,2034
2593,2035
25930,2036
259307,2037
25934,2038
25936,2039
25942,2040
2595,2041
25950,2042
25953,2043
25956,2044
25966,2045
2597,2046
25970,2047
25974,2048
25976,2049
25977,2050
25980,2051
25981,2052
25984,2053
25988,2054
25989,2055
25994,2056
25996,2057
26000,2058
26001,2059
26003,2060
26007,2061
26009,2062
26010,2063
26011,2064
26012,2065
26013,2066
26017,2067
26019,2068
260293,2069
26031,2070
26035,2071
26039,2072
26043,2073
260434,2074
26046,2075
26051,2076
26052,2077
26053,2078
26054,2079
26057,2080
26058,2081
26061,2082
26063,2083
26065,2084
26070,2085
26084,2086
26085,2087
26090,2088
26093,2089
26094,2090
26100,2091
26103,2092
26115,2093
26118,2094
26122,2095
26128,2096
26133,2097
26136,2098
26137,2099
26145,2100
26151,2101
26152,2102
26153,2103
26154,2104
26156,2105
26166,2106
26168,2107
2617,2108
261729,2109
2618,2110
262,2111
26205,2112
26206,2113
26207,2114
2622,2115
26229,2116
26234,2117
26235,2118
2624,2119
2625,2120
26251,2121
26254,2122
26256,2123
26268,2124
26269,2125
2627,2126
26276,2127
26279,2128
26284,2129
26285,2130
26287,2131
26291,2132
26297,2133
26298,2134
26354,2135
2638,2136
2641,2137
2646,2138
26468,2139
2647,2140
26476,2141
2649,2142
265,2143
2650,2144
26505,2145
26511,2146
26517,2147
26523,2148
26548,2149
26574,2150
26576,2151
26578,2152
26585,2153
26589,2154
2661,2155
26610,2156
2664,2157
266553,2158
266727,2159
266747,2160
26692,2161
267,2162
2671,2163
2672,2164
2673,2165
2676,2166
2686,2167
26872,2168
2688,2169
2689,2170
269,2171
2690,2172
2692,2173
2694,2174
2695,2175
26953,2176
26959,2177
26984,2178
26985,2179
26993,2180
26998,2181
27,2182
27000,2183
27006,2184
2701,2185
27012,2186
27018,2187
2702,2188
27030,2189
27032,2190
27035,2191
27037,2192
27039,2193
27042,2194
27044,2195
2705,2196
27067,2197
27068,2198
27069,2199
27072,2200
27075,2201
27076,2202
27086,2203
27087,2204
27092,2205
27097,2206
2710,2207
27101,2208
27109,2209
27115,2210
27120,2211
27123,2212
27125,2213
27127,2214
27128,2215
27129,2216
27131,2217
27136,2218
27143,2219
27146,2220
27148,2221
27151,2222
27153,2223
27154,2224
27156,2225
27161,2226
27163,2227
27164,2228
27165,2229
27166,2230
2717,2231
27175,2232
27181,2233
27183,2234
2719,2235
2720,2236
27229,2237
27230,2238
27232,2239
27236,2240
27237,2241
27238,2242
27240,2243
27247,2244
27250,2245
27252,2246
27253,2247
27255,2248
27257,2249
27258,2250
27283,2251
27284,2252
27288,2253
27289,2254
27292,2255
27293,2256
27295,2257
27297,2258
2730,2259
27300,2260
27302,2261
27304,2262
27306,2263
27309,2264
27314,2265
27315,2266
27324,2267
27327,2268
27328,2269
27329,2270
27333,2271
27336,2272
27339,2273
2734,2274
27342,2275
27343,2276
27349,2277
2735,2278
27350,2279
27352,2280
2739,2281
27429,2282
27430,2283
27434,2284
27439,2285
2744,2286
27440,2287
2746,2288
2747,2289
2762,2290
2778,2291
2780,2292
2783,2293
2792,2294
2794,2295
2796,2296
2800,2297
2801,2298
2803,2299
2805,2300
2806,2301
2811,2302
2813,2303
2814,2304
2819,2305
2820,2306
2821,2307
2823,2308
282616,2309
282809,2310
282991,2311
282996,2312
283152,2313
283160,2314
2832,2315
283212,2316
283229,2317
283248,2318
283349,2319
283417,2320
283450,2321
283455,2322
283459,2323
283464,2324
283518,2325
283551,2326
283579,2327
283629,2328
283643,2329
283659,2330
2837,2331
283848,2332
283871,2333
283899,2334
283987,2335
283989,2336
2840,2337
284001,2338
284004,2339
284058,2340
284086,2341
284106,2342
284131,2343
284161,2344
284207,2345
284273,2346
284312,2347
284338,2348
284352,2349
284358,2350
284361,2351
284370,2352
284390,2353
284443,2354
284459,2355
2845,2356
284680,2357
284697,2358
2847,2359
284904,2360
285,2361
28511,2362
28512,2363
28513,2364
28514,2365
285148,2366
285220,2367
285237,2368
285267,2369
285343,2370
285362,2371
285368,2372
285489,2373
285498,2374
285521,2375
285533,2376
285555,2377
285598,2378
285600,2379
285613,2380
285671,2381
285905,2382
285971,2383
286053,2384
286077,2385
286133,2386
286204,2387
286234,2388
286257,2389
286343,2390
286436,2391
286451,2392
286530,2393
2867,2394
2868,2395
286826,2396
2872,2397
2877,2398
2878,2399
2879,2400
288,2401
28815,2402
2889,2403
2892,2404
2893,2405
2894,2406
28952,2407
28956,2408
28960,2409
28962,2410
28964,2411
28965,2412
28969,2413
2897,2414
28971,2415
28976,2416
28977,2417
2898,2418
28985,2419
28986,2420
28987,2421
28988,2422
28992,2423
28998,2424
2900,2425
2903,2426
29035,2427
2904,2428
29058,2429
29074,2430
29078,2431
2908,2432
29080,2433
29086,2434
29087,2435
29089,2436
29093,2437
29097,2438
29098,2439
29099,2440
291,2441
29102,2442
29105,2443
29110,2444
29113,2445
29114,2446
29116,2447
29117,2448
29119,2449
29123,2450
2913,2451
2915,2452
2917,2453
2918,2454
2925,2455
2928,2456
293,2457
2931,2458
2932,2459
2935,2460
2936,2461
2937,2462
2938,2463
2947,2464
2954,2465
2956,2466
2957,2467
2958,2468
2959,2469
2961,2470
2962,2471
2971,2472
2972,2473
29760,2474
29761,2475
29763,2476
29765,2477
2977,2478
2979,2479
29796,2480
2980,2481
29800,2482
29803,2483
2982,2484
29844,2485
29855,2486
2986,2487
2987,2488
29886,2489
29888,2490
29890,2491
29896,2492
29901,2493
29904,2494
29911,2495
29915,2496
29916,2497
29919,2498
29920,2499
29922,2500
29923,2501
29928,2502
29934,2503
29935,2504
29937,2505
2994,2506
29941,2507
29943,2508
29944,2509
29945,2510
29946,2511
29952,2512
29953,2513
29954,2514
29957,2515
29959,2516
29960,2517
29968,2518
2997,2519
29974,2520
29982,2521
29985,2522
29988,2523
29989,2524
2999,2525
29998,2526
30000,2527
30001,2528
30010,2529
30011,2530
30012,2531
3002,2532
3004,2533
3006,2534
30061,2535
30062,2536
3007,2537
3008,2538
301,2539
3010,2540
3012,2541
3021,2542
3024,2543
3026,2544
3029,2545
3032,2546
3033,2547
3034,2548
3035,2549
3038,2550
3043,2551
3045,2552
3046,2553
3049,2554
3053,2555
3054,2556
3055,2557
3060,2558
3061,2559
3062,2560
3065,2561
3066,2562
3067,2563
3069,2564
3073,2565
3075,2566
3077,2567
3080,2568
30811,2569
30815,2570
30817,2571
3082,2572
30832,2573
30833,2574
30836,2575
30837,2576
30848,2577
3090,2578
3091,2579
3092,2580
3093,2581
3097,2582
31,2583
3101,2584
3105,2585
3109,2586
3110,2587
3117,2588
312,2589
3120,2590
3123,2591
3134,2592
3141,2593
3145,2594
3149,2595
3156,2596
3159,2597
3161,2598
3164,2599
3167,2600
3169,2601
317,2602
3170,2603
3171,2604
3175,2605
3177,2606
317705,2607
317719,2608
317762,2609
3178,2610
3181,2611
3182,2612
3183,2613
3184,2614
3185,2615
3187,2616
3189,2617
319,2618
3192,2619
3195,2620
3199,2621
3206,2622
3207,2623
3209,2624
3218,2625
3219,2626
3222,2627
3223,2628
3224,2629
3225,2630
3226,2631
3227,2632
3229,2633
3237,2634
3248,2635
3249,2636
3251,2637
3257,2638
326,2639
3263,2640
3265,2641
3267,2642
327,2643
3270,2644
3280,2645
3284,2646
3291,2647
3292,2648
3293,2649
3295,2650
3297,2651
3308,2652
3309,2653
331,2654
3312,2655
3316,2656
3320,2657
3321,2658
3326,2659
333,2660
3337,2661
3338,2662
333926,2663
333929,2664
3340,2665
3347,2666
335,2667
3350,2668
3351,2669
3354,2670
3355,2671
3356,2672
3357,2673
3358,2674
3362,2675
3363,2676
3364,2677
337,2678
3373,2679
3376,2680
337867,2681
337876,2682
337879,2683
338,2684
3382,2685
338322,2686
338328,2687
338376,2688
338657,2689
338692,2690
338785,2691
338872,2692
339210,2693
339221,2694
339231,2695
339324,2696
339451,2697
339456,2698
339479,2699
339488,2700
339512,2701
339541,2702
3396,2703
339665,2704
339745,2705
3398,2706
339829,2707
3399,2708
34,2709
3400,2710
340075,2711
340156,2712
340419,2713
340481,2714
340533,2715
341,2716
341032,2717
3417,2718
3418,2719
3420,2720
342184,2721
3423,2722
342357,2723
342538,2724
342574,2725
342897,2726
342918,2727
342926,2728
342977,2729
3430,2730
343069,2731
343637,2732
3440,2733
344148,2734
3442,2735
3445,2736
3449,2737
345,2738
3454,2739
3458,2740
3459,2741
346562,2742
346606,2743
347,2744
347344,2745
3475,2746
347862,2747
3479,2748
348,2749
3480,2750
348093,2751
348110,2752
348180,2753
3482,2754
348235,2755
3483,2756
348793,2757
349667,2758
35,2759
350,2760
3507,2761
3508,2762
352954,2763
353,2764
353132,2765
353324,2766
353355,2767
353497,2768
354,2769
3543,2770
3550,2771
3551,2772
3552,2773
3556,2774
356,2775
3560,2776
3565,2777
3566,2778
3567,2779
3569,2780
3577,2781
3578,2782
3587,2783
3594,2784
3595,2785
3597,2786
360023,2787
3604,2788
3606,2789
361,2790
3612,2791
3613,2792
3615,2793
3617,2794
362,2795
3620,2796
3621,2797
3625,2798
3628,2799
3631,2800
3633,2801
3635,2802
3638,2803
3643,2804
3645,2805
3651,2806
3654,2807
3656,2808
3658,2809
3661,2810
3665,2811
3667,2812
367,2813
368,2814
3680,2815
3681,2816
3682,2817
3684,2818
3694,2819
3695,2820
3698,2821
3699,2822
3700,2823
3702,2824
3704,2825
3709,2826
3716,2827
3717,2828
3718,2829
372,2830
3720,2831
3725,2832
3726,2833
3727,2834
3735,2835
3737,2836
3739,2837
3741,2838
3742,2839
374291,2840
374355,2841
374403,2842
374454,2843
374659,2844
374786,2845
3748,2846
374882,2847
374899,2848
374918,2849
374946,2850
374986,2851
375,2852
3750,2853
3751,2854
3753,2855
375341,2856
375686,2857
3757,2858
375759,2859
375790,2860
375791,2861
3759,2862
3760,2863
3761,2864
3763,2865
3765,2866
3766,2867
3767,2868
3769,2869
3773,2870
3777,2871
3781,2872
3782,2873
3785,2874
3786,2875
378708,2876
3788,2877
3791,2878
3792,2879
3798,2880
3801,2881
3802,2882
3804,2883
3809,2884
3815,2885
3816,2886
3817,2887
3820,2888
3824,2889
3835,2890
3838,2891
384,2892
3841,2893
3842,2894
3846,2895
3848,2896
3849,2897
3859,2898
3861,2899
386724,2900
387119,2901
3872,2902
387521,2903
387718,2904
388135,2905
388228,2906
388272,2907
388403,2908
388531,2909
388552,2910
388662,2911
388698,2912
3887,2913
388753,2914
3890,2915
389058,2916
389072,2917
3891,2918
389114,2919
389119,2920
389123,2921
389206,2922
389421,2923
389434,2924
3895,2925
389874,2926
389898,2927
3902,2928
390205,2929
3903,2930
3904,2931
3906,2932
3909,2933
390916,2934
390999,2935
3916,2936
392,2937
3920,2938
392465,2939
392617,2940
3927,2941
3929,2942
3931,2943
3932,2944
3933,2945
3938,2946
3949,2947
395,2948
3950,2949
3956,2950
3964,2951
3965,2952
3975,2953
3980,2954
3983,2955
3984,2956
3985,2957
3987,2958
3988,2959
3990,2960
3991,2961
3992,2962
3993,2963
399671,2964
3998,2965
399818,2966
399947,2967
399979,2968
40,2969
400,2970
4001,2971
400360,2972
400451,2973
4005,2974
400506,2975
400569,2976
4007,2977
4009,2978
4010,2979
401024,2980
4023,2981
402415,2982
4026,2983
402682,2984
403,2985
4033,2986
403341,2987
4034,2988
4041,2989
404203,2990
404220,2991
404281,2992
4047,2993
4048,2994
4057,2995
4062,2996
4067,2997
4069,2998
407,2999
4074,3000
4076,3001
407738,3002
4081,3003
4084,3004
4087,3005
4089,3006
409,3007
4091,3008
4092,3009
4099,3010
41,3011
410,3012
4110,3013
4118,3014
412,3015
4124,3016
4125,3017
4134,3018
4137,3019
4140,3020
4141,3021
414236,3022
4145,3023
4146,3024
4148,3025
414918,3026
415,3027
4150,3028
4151,3029
415116,3030
415117,3031
4153,3032
4157,3033
416,3034
4160,3035
4168,3036
4188,3037
4189,3038
4191,3039
4194,3040
4199,3041
420,3042
4204,3043
4209,3044
4212,3045
4215,3046
4216,3047
4221,3048
4223,3049
4232,3050
4233,3051
4236,3052
4238,3053
4239,3054
4241,3055
4246,3056
4248,3057
4250,3058
4253,3059
4254,3060
4256,3061
4258,3062
4283,3063
4287,3064
429,3065
4291,3066
4292,3067
4293,3068
4298,3069
4299,3070
43,3071
430,3072
4302,3073
4306,3074
4308,3075
4313,3076
4314,3077
4316,3078
431707,3079
4319,3080
432,3081
4323,3082
4327,3083
4329,3084
433,3085
4332,3086
4335,3087
4336,3088
4343,3089
4345,3090
4350,3091
4355,3092
4358,3093
4359,3094
439,3095
440026,3096
440087,3097
440184,3098
440498,3099
440603,3100
441212,3101
441549,3102
4437,3103
4438,3104
444,3105
4440,3106
4477,3107
4478,3108
4481,3109
4485,3110
4487,3111
4515,3112
4520,3113
4524,3114
4528,3115
4544,3116
4547,3117
4548,3118
4586,3119
4588,3120
4589,3121
4591,3122
4594,3123
4595,3124
4597,3125
4598,3126
4604,3127
4606,3128
4608,3129
4618,3130
4619,3131
462,3132
4620,3133
4621,3134
4622,3135
4624,3136
4626,3137
4627,3138
463,3139
4632,3140
4633,3141
4635,3142
4636,3143
4638,3144
4640,3145
4643,3146
4644,3147
4646,3148
4649,3149
4650,3150
4653,3151
466,3152
4661,3153
4664,3154
4665,3155
4666,3156
467,3157
4670,3158
4674,3159
4680,3160
4685,3161
4689,3162
4691,3163
4693,3164
4695,3165
4696,3166
4697,3167
4701,3168
4703,3169
4704,3170
4705,3171
4706,3172
4707,3173
4711,3174
4712,3175
4713,3176
4715,3177
4716,3178
4718,3179
4719,3180
4720,3181
4722,3182
4723,3183
4724,3184
4725,3185
4726,3186
4728,3187
473,3188
4731,3189
4735,3190
474,3191
4741,3192
474354,3193
4751,3194
4753,3195
476,3196
4762,3197
4763,3198
4771,3199
4773,3200
4775,3201
4779,3202
478,3203
479,3204
4793,3205
4795,3206
4799,3207
4801,3208
4802,3209
4807,3210
4809,3211
4815,3212
4817,3213
4824,3214
4828,3215
4832,3216
4833,3217
4835,3218
4841,3219
4842,3220
4843,3221
4848,3222
4849,3223
4852,3224
4853,3225
4857,3226
4863,3227
487,3228
4878,3229
4879,3230
488,3231
4881,3232
4882,3233
4883,3234
4885,3235
4889,3236
4892,3237
4893,3238
4897,3239
4914,3240
492,3241
4920,3242
4921,3243
4922,3244
4923,3245
492311,3246
4924,3247
4926,3248
4928,3249
4931,3250
4935,3251
4938,3252
494143,3253
494514,3254
4946,3255
4947,3256
4953,3257
4956,3258
4974,3259
4976,3260
49854,3261
4986,3262
49860,3263
4987,3264
4990,3265
4994,3266
4995,3267
4999,3268
5001,3269
5004,3270
5007,3271
5008,3272
5009,3273
5010,3274
5015,3275
5016,3276
5019,3277
5025,3278
5028,3279
5029,3280
5037,3281
5042,3282
50485,3283
50488,3284
5050,3285
50507,3286
50512,3287
5052,3288
5053,3289
5058,3290
506,3291
50604,3292
50615,3293
5062,3294
5063,3295
50640,3296
50651,3297
5067,3298
50674,3299
5068,3300
5071,3301
50717,3302
5073,3303
5075,3304
5076,3305
50801,3306
50805,3307
50809,3308
5081,3309
50810,3310
50814,3311
50854,3312
50855,3313
50859,3314
50862,3315
5090,3316
5092,3317
5094,3318
50940,3319
50945,3320
5095,3321
5096,3322
50999,3323
51,3324
5100,3325
51000,3326
51004,3327
51006,3328
51010,3329
51013,3330
51014,3331
51015,3332
51018,3333
51019,3334
51022,3335
51024,3336
51027,3337
51028,3338
51035,3339
5104,3340
51043,3341
51060,3342
51066,3343
51067,3344
51068,3345
51070,3346
51071,3347
51076,3348
51079,3349
5108,3350
51082,3351
51083,3352
51088,3353
51094,3354
51097,3355
51098,3356
5110,3357
51100,3358
51103,3359
51105,3360
51108,3361
51109,3362
51111,3363
51112,3364
51115,3365
51116,3366
51125,3367
51126,3368
51127,3369
51131,3370
51132,3371
51133,3372
51134,3373
51135,3374
51136,3375
51138,3376
51141,3377
51142,3378
51149,3379
51154,3380
51156,3381
51157,3382
51163,3383
51164,3384
51167,3385
51170,3386
51172,3387
51174,3388
51175,3389
51181,3390
51184,3391
51185,3392
51187,3393
51188,3394
5119,3395
51192,3396
51194,3397
51195,3398
51201,3399
51202,3400
51204,3401
51205,3402
51206,3403
51207,3404
5121,3405
51213,3406
51222,3407
51224,3408
51227,3409
51228,3410
51230,3411
51231,3412
51234,3413
51239,3414
51244,3415
51250,3416
51251,3417
51252,3418
51253,3419
51255,3420
51256,3421
51258,3422
5126,3423
51260,3424
51266,3425
51268,3426
5127,3427
51271,3428
51272,3429
51278,3430
5128,3431
51282,3432
51283,3433
51285,3434
51289,3435
5129,3436
51290,3437
51292,3438
51293,3439
51295,3440
51297,3441
513,3442
5130,3443
51307,3444
51315,3445
51321,3446
51322,3447
51324,3448
51330,3449
51332,3450
51337,3451
51340,3452
51341,3453
51347,3454
51350,3455
5136,3456
51360,3457
51365,3458
51366,3459
51371,3460
51373,3461
51377,3462
51379,3463
5138,3464
51380,3465
51384,3466
51386,3467
51388,3468
51389,3469
5139,3470
51390,3471
51397,3472
51399,3473
5140,3474
51406,3475
51426,3476
51430,3477
51434,3478
5144,3479
51440,3480
5145,3481
51451,3482
51473,3483
51475,3484
51479,3485
5148,3486
51490,3487
51491,3488
51497,3489
5150,3490
51501,3491
51504,3492
51507,3493
5151,3494
51510,3495
51513,3496
51514,3497
5152,3498
51522,3499
51523,3500
51527,3501
51528,3502
51529,3503
51530,3504
51538,3505
5154,3506
51548,3507
51550,3508
51552,3509
51557,3510
51559,3511
5156,3512
51564,3513
51566,3514
51567,3515
5157,3516
51575,3517
5158,3518
51585,3519
51586,3520
51588,3521
5159,3522
51592,3523
51593,3524
51596,3525
5160,3526
51601,3527
51603,3528
51608,3529
51616,3530
51617,3531
5162,3532
51621,3533
51629,3534
51631,3535
51633,3536
51634,3537
51635,3538
51646,3539
51647,3540
51649,3541
5165,3542
51659,3543
51666,3544
51667,3545
51668,3546
51669,3547
51673,3548
51684,3549
51686,3550
51690,3551
51693,3552
5170,3553
51702,3554
51704,3555
51705,3556
51706,3557
51710,3558
51719,3559
51726,3560
51727,3561
51735,3562
51741,3563
51742,3564
51750,3565
51751,3566
51754,3567
51755,3568
51759,3569
51763,3570
51764,3571
51768,3572
51780,3573
5179,3574
51804,3575
51806,3576
51808,3577
51816,3578
5192,3579
5193,3580
5194,3581
5195,3582
5197,3583
5198,3584
5199,3585
52,3586
5203,3587
5207,3588
5209,3589
521,3590
5225,3591
5226,3592
523,3593
5236,3594
5239,3595
5241,3596
5243,3597
5244,3598
5245,3599
525,3600
5251,3601
5252,3602
5253,3603
5257,3604
5260,3605
5261,3606
5264,3607
5265,3608
5266,3609
5274,3610
5276,3611
5279,3612
5283,3613
5284,3614
5287,3615
529,3616
5290,3617
5292,3618
5296,3619
5297,3620
5298,3621
5300,3622
5301,3623
5303,3624
5304,3625
5305,3626
5306,3627
5307,3628
5309,3629
5313,3630
5319,3631
5322,3632
533,3633
53340,3634
53343,3635
53344,3636
53354,3637
534,3638
53405,3639
53407,3640
5346,3641
5355,3642
5360,3643
53615,3644
53635,3645
5365,3646
5368,3647
537,3648
5375,3649
5378,3650
5379,3651
538,3652
53822,3653
53832,3654
53834,3655
53841,3656
53904,3657
53905,3658
53917,3659
53919,3660
5393,3661
53942,3662
5396,3663
540,3664
54014,3665
54020,3666
54033,3667
54039,3668
5407,3669
5408,3670
54101,3671
54108,3672
5412,3673
541468,3674
541472,3675
54187,3676
5420,3677
54205,3678
54210,3679
5423,3680
5425,3681
5432,3682
54344,3683
5436,3684
54361,3685
5440,3686
54414,3687
54432,3688
54436,3689
54439,3690
5444,3691
54454,3692
54460,3693
54463,3694
54468,3695
54471,3696
54472,3697
54474,3698
54475,3699
54476,3700
54480,3701
5449,3702
54496,3703
54497,3704
54498,3705
54499,3706
54507,3707
5451,3708
54517,3709
54518,3710
54520,3711
54521,3712
54534,3713
5454,3714
54540,3715
54541,3716
54543,3717
54544,3718
54551,3719
54552,3720
54555,3721
54556,3722
5456,3723
54584,3724
54596,3725
546,3726
54606,3727
54620,3728
54629,3729
5464,3730
5465,3731
54663,3732
54664,3733
54665,3734
54675,3735
54677,3736
5469,3737
54700,3738
54704,3739
5473,3740
54734,3741
54738,3742
54756,3743
54758,3744
54760,3745
54764,3746
54765,3747
54776,3748
54778,3749
5478,3750
54788,3751
54790,3752
54798,3753
54799,3754
54800,3755
54802,3756
54807,3757
5481,3758
54810,3759
54812,3760
54814,3761
54815,3762
54819,3763
54820,3764
54825,3765
54826,3766
54828,3767
54830,3768
54832,3769
54834,3770
54840,3771
54842,3772
54843,3773
54849,3774
54850,3775
54852,3776
54860,3777
54861,3778
548645,3779
54866,3780
54868,3781
54869,3782
54882,3783
54883,3784
54894,3785
54897,3786
54898,3787
54899,3788
54901,3789
54902,3790
54903,3791
54904,3792
54915,3793
54920,3794
54921,3795
54923,3796
54926,3797
5494,3798
54943,3799
54946,3800
54949,3801
54954,3802
54957,3803
54959,3804
5496,3805
54960,3806
54961,3807
54965,3808
54970,3809
54972,3810
54973,3811
54977,3812
54978,3813
54982,3814
54986,3815
54987,3816
54989,3817
5499,3818
54993,3819
54994,3820
55,3821
5500,3822
55002,3823
55003,3824
55005,3825
55010,3826
55011,3827
55014,3828
55015,3829
5502,3830
55027,3831
55030,3832
55031,3833
55035,3834
55039,3835
5504,3836
55040,3837
55048,3838
55055,3839
5506,3840
55061,3841
55063,3842
55066,3843
55068,3844
5507,3845
55070,3846
55074,3847
55080,3848
55088,3849
5509,3850
55090,3851
55095,3852
55102,3853
55105,3854
55108,3855
55109,3856
55110,3857
55111,3858
55112,3859
55114,3860
55117,3861
55122,3862
55127,3863
55132,3864
55135,3865
55137,3866
55140,3867
55145,3868
5515,3869
55150,3870
55157,3871
55159,3872
5516,3873
55161,3874
55167,3875
55170,3876
55171,3877
55173,3878
55177,3879
55178,3880
55179,3881
55181,3882
55182,3883
55184,3884
55191,3885
55192,3886
55196,3887
55197,3888
552,3889
5520,3890
55201,3891
55208,3892
55209,3893
55213,3894
55218,3895
55219,3896
5522,3897
55222,3898
55224,3899
55227,3900
55238,3901
55245,3902
55246,3903
55248,3904
5525,3905
55250,3906
55251,3907
55252,3908
55253,3909
55256,3910
55257,3911
5526,3912
55260,3913
55272,3914
55275,3915
55277,3916
55284,3917
55286,3918
55288,3919
55289,3920
55290,3921
55294,3922
5530,3923
55308,3924
5531,3925
55311,3926
55312,3927
55313,3928
55322,3929
55324,3930
55327,3931
55328,3932
55329,3933
5533,3934
55330,3935
55336,3936
55339,3937
5534,3938
55341,3939
55344,3940
55346,3941
55349,3942
5535,3943
55352,3944
55355,3945
55359,3946
55363,3947
55364,3948
55367,3949
5537,3950
55370,3951
5538,3952
55422,3953
55425,3954
55432,3955
5544,3956
55454,3957
55466,3958
55471,3959
55486,3960
5550,3961
55500,3962
55501,3963
55503,3964
55508,3965
5551,3966
55521,3967
55526,3968
55527,3969
55529,3970
55534,3971
55540,3972
55552,3973
55554,3974
55559,3975
55561,3976
55568,3977
5557,3978
55572,3979
55577,3980
5558,3981
55588,3982
55589,3983
55593,3984
55599,3985
55601,3986
55602,3987
55605,3988
55608,3989
55609,3990
55610,3991
55611,3992
55617,3993
5562,3994
55625,3995
55626,3996
55629,3997
5563,3998
55631,3999
55633,4000
55635,4001
5564,4002
55644,4003
55647,4004
55651,4005
55655,4006
55657,4007
55658,4008
55661,4009
55662,4010
55663,4011
55664,4012
55667,4013
55668,4014
55669,4015
5567,4016
55677,4017
55679,4018
5568,4019
55681,4020
55683,4021
55686,4022
55687,4023
55689,4024
55697,4025
55698,4026
55699,4027
55700,4028
55701,4029
55702,4030
55703,4031
55709,4032
5571,4033
55715,4034
55717,4035
55719,4036
55720,4037
55729,4038
55733,4039
55734,4040
55735,4041
55739,4042
55741,4043
55743,4044
55744,4045
55745,4046
55746,4047
55748,4048
55749,4049
5575,4050
55751,4051
55755,4052
55756,4053
55758,4054
55759,4055
5576,4056
55761,4057
55762,4058
55763,4059
55764,4060
55766,4061
55770,4062
55771,4063
55775,4064
55778,4065
5578,4066
55783,4067
55788,4068
55791,4069
55793,4070
55794,4071
55795,4072
558,4073
55801,4074
55805,4075
55808,4076
55812,4077
55813,4078
55814,4079
55816,4080
55818,4081
55823,4082
55827,4083
55830,4084
55831,4085
55832,4086
55837,4087
55839,4088
5584,4089
55840,4090
55841,4091
55845,4092
55854,4093
55856,4094
55857,4095
55862,4096
55869,4097
55870,4098
55876,4099
55890,4100
55892,4101
55897,4102
55900,4103
55904,4104
55905,4105
55907,4106
55909,4107
5591,4108
5592,4109
55920,4110
55922,4111
55929,4112
5595,4113
55954,4114
55959,4115
55968,4116
5597,4117
55970,4118
55975,4119
5598,4120
5599,4121
55998,4122
5600,4123
56000,4124
56005,4125
56006,4126
5601,4127
5602,4128
56034,4129
5604,4130
5605,4131
5606,4132
5607,4133
5608,4134
5609,4135
5610,4136
56105,4137
56121,4138
56128,4139
56132,4140
56134,4141
56143,4142
56145,4143
56146,4144
56154,4145
5616,4146
56165,4147
5617,4148
56171,4149
56172,4150
5618,4151
56204,4152
5624,4153
56244,4154
56254,4155
56257,4156
56259,4157
5626,4158
56265,4159
56267,4160
56287,4161
5629,4162
563,4163
56300,4164
56301,4165
5631,4166
56339,4167
56342,4168
56344,4169
5636,4170
5644,4171
5646,4172
56474,4173
56475,4174
56477,4175
56478,4176
5650,4177
5651,4178
56547,4179
5657,4180
56616,4181
5663,4182
56647,4183
56648,4184
56654,4185
56672,4186
56674,4187
5669,4188
567,4189
5670,4190
5680,4191
5681,4192
5682,4193
5683,4194
56832,4195
56848,4196
5685,4197
56850,4198
5686,4199
56882,4200
56886,4201
56888,4202
56889,4203
5689,4204
56890,4205
56891,4206
56894,4207
56895,4208
56897,4209
56898,4210
56899,4211
5690,4212
56901,4213
56904,4214
56905,4215
56907,4216
5691,4217
56910,4218
56912,4219
56913,4220
56917,4221
56919,4222
56922,4223
56923,4224
56926,4225
56927,4226
56928,4227
56929,4228
5693,4229
56931,4230
56935,4231
56942,4232
56943,4233
56944,4234
56946,4235
56947,4236
56950,4237
56956,4238
5697,4239
56970,4240
56977,4241
5698,4242
56983,4243
56985,4244
56986,4245
56993,4246
56994,4247
56995,4248
570,4249
5701,4250
57016,4251
57017,4252
57018,4253
57019,4254
5702,4255
57020,4256
57035,4257
57038,4258
57045,4259
5705,4260
5707,4261
5708,4262
57092,4263
57096,4264
57097,4265
57099,4266
571,4267
5710,4268
57101,4269
57102,4270
57104,4271
57105,4272
57109,4273
57111,4274
57113,4275
57116,4276
57118,4277
57119,4278
57120,4279
57124,4280
57125,4281
57126,4282
57128,4283
5713,4284
57130,4285
57132,4286
57146,4287
57147,4288
57148,4289
57149,4290
57153,4291
57157,4292
57159,4293
57167,4294
57169,4295
5717,4296
57172,4297
57175,4298
57176,4299
57178,4300
57185,4301
57186,4302
57187,4303
57188,4304
57189,4305
5719,4306
57190,4307
57192,4308
57198,4309
572,4310
5720,4311
57205,4312
57215,4313
57216,4314
57217,4315
57221,4316
5723,4317
5728,4318
5729,4319
57326,4320
5733,4321
57332,4322
57348,4323
5737,4324
57393,4325
57396,4326
5740,4327
57402,4328
57403,4329
57405,4330
57407,4331
57409,4332
5741,4333
57410,4334
57415,4335
57418,4336
5742,4337
5743,4338
57446,4339
57448,4340
57453,4341
57455,4342
57461,4343
57462,4344
57464,4345
57466,4346
57467,4347
57469,4348
5747,4349
57472,4350
57473,4351
57474,4352
57475,4353
57478,4354
57479,4355
57486,4356
57492,4357
57498,4358
57506,4359
57508,4360
57510,4361
57511,4362
57512,4363
57520,4364
57522,4365
57523,4366
57524,4367
57526,4368
57528,4369
57529,4370
5753,4371
57531,4372
57532,4373
57536,4374
57538,4375
57541,4376
57544,4377
57551,4378
57554,4379
57560,4380
57569,4381
57570,4382
57571,4383
57573,4384
57574,4385
57575,4386
57577,4387
57579,4388
57584,4389
57585,4390
57586,4391
57587,4392
57591,4393
57592,4394
57600,4395
57606,4396
57608,4397
57609,4398
57610,4399
57613,4400
57619,4401
57622,4402
57623,4403
57624,4404
57630,4405
57633,4406
57636,4407
57644,4408
57646,4409
57647,4410
57657,4411
57658,4412
57661,4413
57664,4414
57669,4415
5768,4416
57680,4417
57685,4418
57693,4419
57699,4420
5770,4421
57709,4422
57711,4423
57715,4424
57718,4425
57720,4426
57721,4427
57722,4428
57724,4429
5774,4430
57758,4431
57763,4432
57786,4433
57787,4434
57799,4435
57804,4436
57805,4437
57817,4438
57820,4439
57826,4440
57829,4441
57834,4442
57835,4443
57862,4444
5787,4445
5788,4446
5789,4447
5790,4448
5794,4449
5799,4450
58,4451
5800,4452
5803,4453
5813,4454
58158,4455
5819,4456
58190,4457
5822,4458
5828,4459
5830,4460
5831,4461
5833,4462
5834,4463
5837,4464
58473,4465
58475,4466
58476,4467
58478,4468
58486,4469
58490,4470
58491,4471
58496,4472
58497,4473
585,4474
58500,4475
58503,4476
58506,4477
58508,4478
58509,4479
58511,4480
58524,4481
58525,4482
58526,4483
5863,4484
5867,4485
5868,4486
5869,4487
5870,4488
5871,4489
5874,4490
5875,4491
5876,4492
5878,4493
5883,4494
5887,4495
5889,4496
5890,4497
5893,4498
5894,4499
5897,4500
5898,4501
58985,4502
5900,4503
5903,4504
5905,4505
5910,4506
5913,4507
5915,4508
5925,4509
59272,4510
59307,4511
5931,4512
5932,4513
59339,4514
59340,4515
59341,4516
59342,4517
59343,4518
59344,4519
59348,4520
59349,4521
5935,4522
59350,4523
59352,4524
59353,4525
5936,4526
5937,4527
5947,4528
5948,4529
5955,4530
596,4531
5961,4532
5962,4533
5967,4534
5970,4535
5972,4536
5976,4537
5977,4538
5979,4539
5984,4540
5987,4541
5990,4542
5994,4543
5996,4544
5997,4545
60,4546
6001,4547
6005,4548
6007,4549
6011,4550
6013,4551
6014,4552
6015,4553
6016,4554
6017,4555
6018,4556
6019,4557
60343,4558
6035,4559
6037,4560
60370,4561
60385,4562
60401,4563
6045,4564
6046,4565
60481,4566
60485,4567
6049,4568
60490,4569
60491,4570
60493,4571
605,4572
6050,4573
6051,4574
60526,4575
60528,4576
60529,4577
60558,4578
60560,4579
60561,4580
60592,4581
60598,4582
60626,4583
60673,4584
60678,4585
60682,4586
60685,4587
607,4588
608,4589
6093,4590
6094,4591
6097,4592
6100,4593
6102,4594
6103,4595
6117,4596
6119,4597
6121,4598
6122,4599
6132,4600
6134,4601
6137,4602
6138,4603
6146,4604
6156,4605
6157,4606
6158,4607
6160,4608
617,4609
6181,4610
6184,4611
6192,4612
6194,4613
6195,4614
6196,4615
6197,4616
6198,4617
6199,4618
6205,4619
6208,4620
622,4621
6223,4622
6228,4623
623,4624
6240,4625
6247,4626
6251,4627
6252,4628
6253,4629
6257,4630
6262,4631
6263,4632
6271,4633
6272,4634
6274,4635
6276,4636
6280,4637
6283,4638
6284,4639
6286,4640
6294,4641
6295,4642
6300,4643
6301,4644
63027,4645
6303,4646
63035,4647
6304,4648
6307,4649
6310,4650
6311,4651
6314,4652
6318,4653
6329,4654
6331,4655
6336,4656
6337,4657
6338,4658
634,4659
6340,4660
6342,4661
6343,4662
6344,4663
6351,4664
636,4665
6360,4666
6364,4667
6366,4668
6368,4669
6369,4670
637,4671
6370,4672
6372,4673
6373,4674
6375,4675
63826,4676
63827,4677
6387,4678
63877,4679
63891,4680
63892,4681
63894,4682
63895,4683
63897,4684
63899,4685
63904,4686
63908,4687
63910,4688
63917,4689
63924,4690
63928,4691
63935,4692
63941,4693
6397,4694
63973,4695
63974,4696
63976,4697
63977,4698
63982,4699
6399,4700
6400,4701
6401,4702
6403,4703
64061,4704
64080,4705
64081,4706
64087,4707
64090,4708
64091,4709
64092,4710
64093,4711
64094,4712
64102,4713
64105,4714
64106,4715
64116,4716
64118,4717
64123,4718
64127,4719
64137,4720
6414,4721
64145,4722
64147,4723
6416,4724
64170,4725
6418,4726
64184,4727
64215,4728
64220,4729
64221,4730
64222,4731
64223,4732
64224,4733
64225,4734
642273,4735
6423,4736
64241,4737
6428,4738
64285,4739
643,4740
6431,4741
64319,4742
64321,4743
64324,4744
64333,4745
643677,4746
64375,4747
64376,4748
643836,4749
64386,4750
64388,4751
64393,4752
644,4753
64400,4754
64405,4755
64407,4756
64410,4757
64411,4758
64412,4759
64417,4760
644186,4761
64419,4762
64420,4763
64423,4764
64429,4765
64430,4766
64431,4767
64432,4768
64434,4769
6445,4770
64478,4771
6449,4772
645,4773
6450,4774
6451,4775
6452,4776
6453,4777
64581,4778
64582,4779
646,4780
64601,4781
6464,4782
64641,4783
64651,4784
6468,4785
6469,4786
64710,4787
64714,4788
64718,4789
6474,4790
64745,4791
64748,4792
6476,4793
64760,4794
64761,4795
64768,4796
64769,4797
6477,4798
64772,4799
64777,4800
64779,4801
64780,4802
64781,4803
64784,4804
64787,4805
64799,4806
64801,4807
64805,4808
6483,4809
64837,4810
64841,4811
64847,4812
64857,4813
64858,4814
6487,4815
64895,4816
64901,4817
64902,4818
64924,4819
64927,4820
6493,4821
64949,4822
6495,4823
64965,4824
64975,4825
64976,4826
64978,4827
64979,4828
6498,4829
64981,4830
64983,4831
6499,4832
650,4833
65009,4834
65018,4835
6503,4836
6504,4837
65056,4838
65057,4839
6506,4840
65061,4841
6507,4842
65082,4843
65084,4844
65094,4845
6510,4846
65109,4847
65110,4848
65123,4849
65124,4850
6514,4851
6517,4852
6518,4853
6519,4854
652,4855
6520,4856
65243,4857
65250,4858
65251,4859
65258,4860
65264,4861
65265,4862
65266,4863
65267,4864
65268,4865
653,4866
6531,4867
653240,4868
6533,4869
653583,4870
6536,4871
6539,4872
6540,4873
6541,4874
6542,4875
6543,4876
6546,4877
654790,4878
6549,4879
655,4880
6550,4881
6553,4882
6558,4883
6559,4884
6566,4885
657,4886
6573,4887
6575,4888
6576,4889
6578,4890
658,4891
6581,4892
6582,4893
6584,4894
659,4895
6596,4896
65979,4897
65980,4898
65986,4899
65988,4900
6599,4901
65990,4902
65992,4903
65993,4904
65997,4905
65999,4906
660,4907
66004,4908
66005,4909
6601,4910
6602,4911
6603,4912
66036,4913
66037,4914
6605,4915
6608,4916
661,4917
6612,4918
6614,4919
6617,4920
6618,4921
6620,4922
6621,4923
6623,4924
6625,4925
6628,4926
6631,4927
6634,4928
6635,4929
6636,4930
6640,4931
6642,4932
6647,4933
6649,4934
665,4935
6651,4936
6657,4937
6658,4938
6660,4939
6664,4940
6667,4941
6670,4942
668,4943
6687,4944
6688,4945
6689,4946
6690,4947
6699,4948
6707,4949
6708,4950
6709,4951
671,4952
6713,4953
6714,4954
6725,4955
6727,4956
6728,4957
673,4958
6733,4959
6734,4960
6741,4961
6745,4962
6748,4963
6749,4964
6750,4965
6752,4966
6755,4967
6758,4968
676,4969
6760,4970
6773,4971
6775,4972
6777,4973
6778,4974
678,4975
6780,4976
6783,4977
6787,4978
6789,4979
6790,4980
6792,4981
6793,4982
6794,4983
6795,4984
6799,4985
6810,4986
6813,4987
6815,4988
6819,4989
6820,4990
6821,4991
6822,4992
6827,4993
6829,4994
683,4995
6832,4996
6833,4997
6834,4998
6835,4999
6837,5000
6844,5001
6845,5002
6847,5003
6854,5004
6855,5005
686,5006
6860,5007
6861,5008
6866,5009
6868,5010
6870,5011
6871,5012
6874,5013
6876,5014
6885,5015
6887,5016
6888,5017
6892,5018
6894,5019
6897,5020
6900,5021
6901,5022
6903,5023
6905,5024
6906,5025
6909,5026
6910,5027
6913,5028
6919,5029
6920,5030
6921,5031
6923,5032
6936,5033
694,5034
6940,5035
6947,5036
695,5037
6954,5038
696,5039
6990,5040
6999,5041
7001,5042
7006,5043
7008,5044
7010,5045
7011,5046
7013,5047
7014,5048
7019,5049
7021,5050
7022,5051
7024,5052
7025,5053
7027,5054
7029,5055
7031,5056
7032,5057
7033,5058
7037,5059
7043,5060
7048,5061
7053,5062
7054,5063
7059,5064
7064,5065
7066,5066
7068,5067
7069,5068
7070,5069
7075,5070
7076,5071
7079,5072
708,5073
7088,5074
7089,5075
7095,5076
7098,5077
71,5078
710,5079
7100,5080
7104,5081
7105,5082
7108,5083
7109,5084
7110,5085
7113,5086
712,5087
713,5088
7130,5089
7132,5090
7133,5091
7134,5092
7135,5093
7137,5094
7139,5095
714,5096
7150,5097
7153,5098
7156,5099
7157,5100
7158,5101
7163,5102
7164,5103
7167,5104
7170,5105
7171,5106
7174,5107
7175,5108
7177,5109
7178,5110
7179,5111
7181,5112
7188,5113
7189,5114
7200,5115
722,5116
7223,5117
7225,5118
7227,5119
7251,5120
7252,5121
7253,5122
7257,5123
7259,5124
7260,5125
7265,5126
727,5127
7270,5128
7272,5129
7273,5130
7274,5131
7275,5132
7276,5133
7277,5134
7278,5135
728,5136
7283,5137
7284,5138
7287,5139
7288,5140
7290,5141
7291,5142
7292,5143
729238,5144
7294,5145
7295,5146
729515,5147
7296,5148
7297,5149
7298,5150
729991,5151
730,5152
7301,5153
7305,5154
7307,5155
731,5156
7311,5157
7319,5158
732,5159
7322,5160
7323,5161
7324,5162
7325,5163
7326,5164
7328,5165
7329,5166
7334,5167
7337,5168
7341,5169
7347,5170
7349,5171
7350,5172
7351,5173
7353,5174
7355,5175
7356,5176
7358,5177
7360,5178
7363,5179
7369,5180
7371,5181
7376,5182
7381,5183
7385,5184
7389,5185
7390,5186
7391,5187
7399,5188
740,5189
7402,5190
7407,5191
7408,5192
7409,5193
741,5194
7411,5195
7414,5196
7419,5197
7429,5198
7430,5199
7432,5200
7433,5201
7441,5202
7442,5203
7444,5204
7447,5205
7448,5206
7466,5207
7468,5208
7471,5209
7472,5210
7476,5211
7480,5212
7481,5213
7482,5214
7484,5215
7485,5216
7486,5217
7494,5218
7515,5219
7518,5220
7525,5221
7529,5222
7532,5223
7534,5224
7535,5225
7536,5226
7538,5227
754,5228
7543,5229
7544,5230
7545,5231
7547,5232
755,5233
7556,5234
7559,5235
7566,5236
7569,5237
7570,5238
7574,5239
7584,5240
7593,5241
7596,5242
760,5243
761,5244
762,5245
7621,5246
7625,5247
7626,5248
7627,5249
7629,5250
7637,5251
7638,5252
7639,5253
7643,5254
765,5255
7673,5256
768,5257
768211,5258
7692,5259
7694,5260
7695,5261
7699,5262
770,5263
7701,5264
7702,5265
7704,5266
7705,5267
771,5268
7711,5269
7727,5270
7732,5271
7733,5272
7737,5273
7739,5274
774,5275
7748,5276
7752,5277
7755,5278
7764,5279
7769,5280
777,5281
7772,5282
778,5283
7781,5284
7782,5285
7783,5286
7786,5287
7789,5288
780,5289
7802,5290
7803,5291
7804,5292
781,5293
7812,5294
7840,5295
7844,5296
7846,5297
7852,5298
7855,5299
786,5300
7871,5301
7874,5302
7881,5303
78992,5304
78994,5305
78995,5306
78998,5307
790,5308
79009,5309
79016,5310
79017,5311
79018,5312
79020,5313
79022,5314
79027,5315
79029,5316
7903,5317
79033,5318
79034,5319
79036,5320
79038,5321
7905,5322
79054,5323
79058,5324
79064,5325
79066,5326
79068,5327
79077,5328
79078,5329
79080,5330
79081,5331
79083,5332
79090,5333
79091,5334
79092,5335
79094,5336
790955,5337
79096,5338
79098,5339
79133,5340
79135,5341
79137,5342
79142,5343
79144,5344
79147,5345
79152,5346
79153,5347
79158,5348
79165,5349
79169,5350
7917,5351
79175,5352
79180,5353
79184,5354
79188,5355
79192,5356
7922,5357
7923,5358
79339,5359
79368,5360
7941,5361
79412,5362
79415,5363
79447,5364
79465,5365
79568,5366
79573,5367
79574,5368
79576,5369
79577,5370
79581,5371
79587,5372
79590,5373
79595,5374
79600,5375
79611,5376
79613,5377
79616,5378
79621,5379
79622,5380
79624,5381
79629,5382
79631,5383
79632,5384
79635,5385
79637,5386
79641,5387
79646,5388
79647,5389
79650,5390
79654,5391
79659,5392
79664,5393
79665,5394
79666,5395
79668,5396
79669,5397
79671,5398
79674,5399
79675,5400
79676,5401
79677,5402
79679,5403
79684,5404
79689,5405
79690,5406
79693,5407
79694,5408
79698,5409
79699,5410
79703,5411
79709,5412
79710,5413
79712,5414
79726,5415
79727,5416
79728,5417
79735,5418
79736,5419
79739,5420
79744,5421
7975,5422
79751,5423
79755,5424
79762,5425
79763,5426
79768,5427
7978,5428
79780,5429
79784,5430
79786,5431
79791,5432
79797,5433
79798,5434
79801,5435
79802,5436
79807,5437
79810,5438
79812,5439
79813,5440
79816,5441
79818,5442
79819,5443
79829,5444
79830,5445
79831,5446
79832,5447
79837,5448
79840,5449
79841,5450
79842,5451
79843,5452
79847,5453
79853,5454
79858,5455
79866,5456
79868,5457
79869,5458
79873,5459
7988,5460
79884,5461
79885,5462
79888,5463
79891,5464
79892,5465
79895,5466
79899,5467
799,5468
79912,5469
79913,5470
79915,5471
79918,5472
79921,5473
79922,5474
79925,5475
79927,5476
7993,5477
79931,5478
79932,5479
79933,5480
79934,5481
79939,5482
7994,5483
79943,5484
79949,5485
79954,5486
79957,5487
79962,5488
79973,5489
79974,5490
79977,5491
79979,5492
79982,5493
79983,5494
79987,5495
79989,5496
79990,5497
79991,5498
79998,5499
8000,5500
80004,5501
80006,5502
80007,5503
80011,5504
80012,5505
80013,5506
80018,5507
80022,5508
80023,5509
80025,5510
80028,5511
80031,5512
80034,5513
80067,5514
80071,5515
80108,5516
80110,5517
80111,5518
80122,5519
80124,5520
80125,5521
80127,5522
80129,5523
80135,5524
80142,5525
80143,5526
80144,5527
80145,5528
80146,5529
80148,5530
80150,5531
80152,5532
80155,5533
80167,5534
80173,5535
80176,5536
80178,5537
80179,5538
80184,5539
80185,5540
8019,5541
80201,5542
80204,5543
80207,5544
80208,5545
8021,5546
80210,5547
80212,5548
80217,5549
8022,5550
80221,5551
80222,5552
80224,5553
80227,5554
80232,5555
80233,5556
80254,5557
80255,5558
80262,5559
80263,5560
80267,5561
8027,5562
80274,5563
80279,5564
8028,5565
8029,5566
80303,5567
80304,5568
80306,5569
8031,5570
80312,5571
80313,5572
80317,5573
80318,5574
80319,5575
80324,5576
80325,5577
80331,5578
80332,5579
80345,5580
80347,5581
80349,5582
80350,5583
80351,5584
80352,5585
8036,5586
80380,5587
8045,5588
8048,5589
80700,5590
80704,5591
80709,5592
80724,5593
80740,5594
80755,5595
80760,5596
80763,5597
80764,5598
80777,5599
80778,5600
80781,5601
80789,5602
80817,5603
80820,5604
80831,5605
80852,5606
8086,5607
8089,5608
8091,5609
8092,5610
81,5611
810,5612
81027,5613
81029,5614
81034,5615
8115,5616
8131,5617
8139,5618
8140,5619
8148,5620
81490,5621
81491,5622
815,5623
8153,5624
81532,5625
81539,5626
81558,5627
81559,5628
81572,5629
81575,5630
81577,5631
81579,5632
816,5633
81603,5634
81605,5635
81607,5636
8161,5637
81617,5638
81626,5639
81627,5640
81628,5641
81631,5642
81671,5643
81693,5644
817,5645
8170,5646
8178,5647
81790,5648
81793,5649
818,5650
81832,5651
81839,5652
81853,5653
81856,5654
8187,5655
81875,5656
81876,5657
81887,5658
8189,5659
81890,5660
8192,5661
81928,5662
8195,5663
820,5664
8202,5665
8209,5666
8216,5667
8220,5668
8226,5669
8237,5670
826,5671
8260,5672
8266,5673
8269,5674
8270,5675
8273,5676
8287,5677
8288,5678
8290,5679
8291,5680
8292,5681
831,5682
8313,5683
8314,5684
8321,5685
8322,5686
8325,5687
833,5688
8330,5689
8335,5690
83394,5691
8340,5692
83401,5693
83417,5694
8342,5695
83439,5696
83442,5697
83445,5698
83447,5699
83448,5700
83452,5701
83460,5702
83464,5703
83468,5704
83473,5705
83475,5706
8348,5707
83480,5708
8349,5709
835,5710
8350,5711
83539,5712
83548,5713
8355,5714
8359,5715
83590,5716
83594,5717
836,5718
83606,5719
83607,5720
83608,5721
8361,5722
83637,5723
83657,5724
83660,5725
83667,5726
83693,5727
83696,5728
83699,5729
83700,5730
83707,5731
83714,5732
83719,5733
83732,5734
83733,5735
83746,5736
83759,5737
83787,5738
8382,5739
83844,5740
83851,5741
83854,5742
83855,5743
83873,5744
83877,5745
83879,5746
83889,5747
83896,5748
83897,5749
839,5750
8390,5751
83930,5752
83931,5753
83932,5754
83933,5755
8394,5756
83942,5757
83943,5758
83953,5759
83955,5760
8398,5761
83982,5762
83986,5763
83987,5764
83989,5765
83990,5766
83999,5767
840,5768
84000,5769
8403,5770
84033,5771
8405,5772
84056,5773
84059,5774
84060,5775
84062,5776
84065,5777
84067,5778
8407,5779
84071,5780
84073,5781
84077,5782
8408,5783
84080,5784
84081,5785
8409,5786
841,5787
84100,5788
84101,5789
84105,5790
84106,5791
84107,5792
8411,5793
84124,5794
84128,5795
84132,5796
84133,5797
84134,5798
84138,5799
84146,5800
84148,5801
84152,5802
84153,5803
8416,5804
84162,5805
84164,5806
8417,5807
84171,5808
84173,5809
84181,5810
84186,5811
8419,5812
84190,5813
84191,5814
842,5815
84215,5816
84219,5817
84221,5818
84223,5819
84224,5820
84231,5821
84232,5822
8424,5823
84245,5824
84248,5825
84249,5826
84250,5827
84251,5828
84253,5829
84254,5830
84260,5831
84261,5832
84262,5833
84263,5834
84264,5835
84265,5836
84266,5837
84267,5838
84268,5839
8427,5840
84271,5841
84274,5842
84275,5843
84277,5844
84280,5845
84281,5846
84282,5847
84283,5848
84286,5849
84290,5850
84293,5851
84295,5852
84298,5853
84300,5854
84304,5855
84305,5856
84309,5857
84311,5858
84314,5859
84315,5860
84316,5861
84320,5862
8433,5863
84332,5864
84333,5865
84335,5866
84337,5867
8436,5868
84376,5869
84418,5870
8443,5871
84433,5872
84444,5873
8445,5874
84450,5875
84457,5876
84458,5877
8446,5878
84460,5879
84461,5880
84464,5881
84467,5882
8448,5883
8449,5884
84498,5885
84503,5886
8451,5887
84519,5888
84522,5889
84524,5890
84525,5891
84527,5892
84529,5893
8453,5894
84530,5895
84536,5896
84539,5897
84542,5898
84549,5899
84570,5900
84572,5901
8458,5902
846,5903
84612,5904
84614,5905
84622,5906
84623,5907
84629,5908
84634,5909
84640,5910
84648,5911
84656,5912
84667,5913
84669,5914
8467,5915
84671,5916
84676,5917
84681,5918
84688,5919
84690,5920
84693,5921
84696,5922
847,5923
84700,5924
84705,5925
84708,5926
8471,5927
84717,5928
84725,5929
84726,5930
84727,5931
8473,5932
84747,5933
84749,5934
84752,5935
84765,5936
84779,5937
84787,5938
84792,5939
84795,5940
8480,5941
84804,5942
84812,5943
84817,5944
84818,5945
84826,5946
84838,5947
84839,5948
8484,5949
84842,5950
84844,5951
84861,5952
84864,5953
84866,5954
84869,5955
84870,5956
84872,5957
84875,5958
84883,5959
84886,5960
84888,5961
84896,5962
8490,5963
84900,5964
84912,5965
84914,5966
84916,5967
84922,5968
84924,5969
84926,5970
84929,5971
8493,5972
84932,5973
84933,5974
84935,5975
84936,5976
84942,5977
84952,5978
84957,5979
8496,5980
84971,5981
8498,5982
84985,5983
84986,5984
8499,5985
84992,5986
8500,5987
85013,5988
85014,5989
85016,5990
85019,5991
85026,5992
8504,5993
8505,5994
8507,5995
8518,5996
8520,5997
8528,5998
8529,5999
85291,6000
85293,6001
85294,6002
8530,6003
85315,6004
85329,6005
85358,6006
8536,6007
85364,6008
85366,6009
8537,6010
85377,6011
85379,6012
8538,6013
8539,6014
85397,6015
8540,6016
85403,6017
85406,6018
85407,6019
85409,6020
85417,6021
8543,6022
85437,6023
85440,6024
85442,6025
85443,6026
85444,6027
85445,6028
8545,6029
85450,6030
85458,6031
8546,6032
85461,6033
85463,6034
85464,6035
85465,6036
8547,6037
85476,6038
8548,6039
85481,6040
8554,6041
8557,6042
8558,6043
8560,6044
8565,6045
8566,6046
8568,6047
8569,6048
8570,6049
8576,6050
85865,6051
859,6052
86,6053
8600,6054
8604,6055
8605,6056
8611,6057
8614,6058
8620,6059
8621,6060
8622,6061
8625,6062
8631,6063
8634,6064
8639,6065
8642,6066
8643,6067
8646,6068
8647,6069
8649,6070
865,6071
8650,6072
8653,6073
8654,6074
8658,6075
8659,6076
866,6077
8662,6078
8664,6079
8667,6080
8672,6081
8674,6082
8675,6083
8676,6084
8678,6085
8688,6086
8689,6087
869,6088
8690,6089
8697,6090
8704,6091
8707,6092
8708,6093
8720,6094
8723,6095
8725,6096
873,6097
8731,6098
8733,6099
8735,6100
8736,6101
874,6102
8742,6103
875,6104
8760,6105
8766,6106
8767,6107
8775,6108
8776,6109
8780,6110
8784,6111
8786,6112
8788,6113
8794,6114
8796,6115
8797,6116
8799,6117
8800,6118
8808,6119
881,6120
8815,6121
8823,6122
8825,6123
883,6124
8836,6125
8839,6126
8841,6127
8844,6128
88455,6129
8846,6130
8851,6131
8852,6132
8854,6133
8856,6134
8858,6135
8859,6136
8861,6137
8862,6138
8863,6139
8867,6140
887,6141
8870,6142
8874,6143
8880,6144
8881,6145
8882,6146
8883,6147
8887,6148
889,6149
8890,6150
8891,6151
8893,6152
8895,6153
8896,6154
8897,6155
8898,6156
8899,6157
89,6158
8900,6159
8905,6160
8907,6161
8910,6162
8913,6163
8916,6164
8928,6165
8929,6166
8932,6167
8933,6168
8934,6169
8939,6170
894,6171
8942,6172
8943,6173
8976,6174
89765,6175
89777,6176
89790,6177
898,6178
89857,6179
8986,6180
89866,6181
89876,6182
89884,6183
8989,6184
89891,6185
89894,6186
8991,6187
89932,6188
8994,6189
89944,6190
89953,6191
8996,6192
8997,6193
89970,6194
8999,6195
9,6196
9001,6197
90070,6198
90075,6199
901,6200
90121,6201
9013,6202
90134,6203
90135,6204
90141,6205
90161,6206
90199,6207
9020,6208
9022,6209
90231,6210
90233,6211
9025,6212
9026,6213
90268,6214
9027,6215
9031,6216
90321,6217
9033,6218
90333,6219
90338,6220
90355,6221
90362,6222
9037,6223
9039,6224
90407,6225
90441,6226
9047,6227
9048,6228
90485,6229
9049,6230
905,6231
90506,6232
90507,6233
90523,6234
90525,6235
9054,6236
9056,6237
9057,6238
90580,6239
90589,6240
90592,6241
9061,6242
90624,6243
9066,6244
90665,6245
90673,6246
90678,6247
9068,6248
90693,6249
9070,6250
9071,6251
9073,6252
9074,6253
90780,6254
908,6255
90806,6256
90843,6257
9086,6258
90861,6259
90864,6260
90865,6261
9087,6262
9092,6263
9093,6264
90933,6265
9095,6266
90952,6267
90957,6268
9098,6269
90990,6270
90993,6271
910,6272
9100,6273
9101,6274
91012,6275
91039,6276
9104,6277
91050,6278
9107,6279
91074,6280
911,6281
91107,6282
9114,6283
91151,6284
91156,6285
9117,6286
91179,6287
91181,6288
9123,6289
91252,6290
9127,6291
91272,6292
9128,6293
91289,6294
913,6295
9130,6296
91300,6297
9131,6298
9133,6299
9135,6300
91351,6301
91355,6302
9138,6303
9139,6304
914,6305
91404,6306
91408,6307
91419,6308
91433,6309
9144,6310
91464,6311
9147,6312
9148,6313
9149,6314
915,6315
9152,6316
9156,6317
91574,6318
9158,6319
916,6320
91608,6321
91612,6322
91614,6323
91647,6324
91653,6325
9166,6326
91683,6327
91687,6328
91694,6329
917,6330
9170,6331
9173,6332
91734,6333
91746,6334
9175,6335
91754,6336
9177,6337
91775,6338
91782,6339
91807,6340
9181,6341
9182,6342
9183,6343
91833,6344
91862,6345
9191,6346
9194,6347
91947,6348
91949,6349
92,6350
92002,6351
92017,6352
9203,6353
9208,6354
92086,6355
9209,6356
92092,6357
921,6358
9211,6359
9212,6360
92129,6361
9213,6362
92140,6363
9217,6364
92170,6365
9218,6366
9221,6367
92211,6368
9223,6369
92241,6370
92255,6371
92259,6372
9229,6373
923,6374
92304,6375
9231,6376
92340,6377
92342,6378
92344,6379
92370,6380
9238,6381
9240,6382
9242,6383
9245,6384
9246,6385
9248,6386
92482,6387
925,6388
9252,6389
9253,6390
9255,6391
92591,6392
9260,6393
9261,6394
92610,6395
9262,6396
9263,6397
9266,6398
92714,6399
92745,6400
92749,6401
9275,6402
9276,6403
9277,6404
9278,6405
92806,6406
9282,6407
9283,6408
92840,6409
9287,6410
929,6411
9293,6412
9294,6413
9296,6414
92979,6415
92999,6416
930,6417
93081,6418
9310,6419
93100,6420
93109,6421
9311,6422
9312,6423
9313,6424
9315,6425
93166,6426
9318,6427
93183,6428
93185,6429
9320,6430
9321,6431
9326,6432
9332,6433
93343,6434
93349,6435
9337,6436
9340,6437
93408,6438
9342,6439
93436,6440
9344,6441
93487,6442
9349,6443
9350,6444
9354,6445
93587,6446
9360,6447
9361,6448
93627,6449
93643,6450
93649,6451
9365,6452
93663,6453
93664,6454
9368,6455
9369,6456
9370,6457
9371,6458
9374,6459
9375,6460
9378,6461
9392,6462
9398,6463
9399,6464
9400,6465
9402,6466
94032,6467
94039,6468
94056,6469
9407,6470
94081,6471
9409,6472
94101,6473
94103,6474
9412,6475
94120,6476
94134,6477
9414,6478
94160,6479
9422,6480
94233,6481
94234,6482
94235,6483
94240,6484
94241,6485
9425,6486
9427,6487
9429,6488
9436,6489
9437,6490
9439,6491
944,6492
9440,6493
9441,6494
9443,6495
9447,6496
9450,6497
9451,6498
9452,6499
9453,6500
9455,6501
9456,6502
9463,6503
9464,6504
9465,6505
9467,6506
947,6507
9470,6508
9476,6509
9477,6510
948,6511
9480,6512
9491,6513
950,6514
9501,6515
9512,6516
9513,6517
9514,6518
9515,6519
9517,6520
9519,6521
9520,6522
9521,6523
9522,6524
9525,6525
9526,6526
9527,6527
9528,6528
9530,6529
9536,6530
9537,6531
9538,6532
9540,6533
9545,6534
9546,6535
9547,6536
9550,6537
9552,6538
9554,6539
9557,6540
9559,6541
956,6542
9563,6543
9567,6544
9568,6545
9569,6546
957,6547
9577,6548
9578,6549
9580,6550
9583,6551
9585,6552
9588,6553
9600,6554
9601,6555
9604,6556
9605,6557
9607,6558
9610,6559
9611,6560
9615,6561
9618,6562
9619,6563
9622,6564
9625,6565
9628,6566
9630,6567
9631,6568
9640,6569
9647,6570
9648,6571
9649,6572
9652,6573
9663,6574
9665,6575
9666,6576
9667,6577
9670,6578
9675,6579
96764,6580
9678,6581
9679,6582
9681,6583
9682,6584
9686,6585
9687,6586
9688,6587
9692,6588
9693,6589
9695,6590
9710,6591
9711,6592
9715,6593
9716,6594
9719,6595
9721,6596
9723,6597
9728,6598
9731,6599
9733,6600
9734,6601
9742,6602
9743,6603
9746,6604
9748,6605
9750,6606
9755,6607
9759,6608
9761,6609
9764,6610
9777,6611
9778,6612
9779,6613
978,6614
9780,6615
9783,6616
9784,6617
9785,6618
9792,6619
9793,6620
9794,6621
9798,6622
9801,6623
9802,6624
9804,6625
9807,6626
9808,6627
9810,6628
9815,6629
9817,6630
9819,6631
9820,6632
9825,6633
983,6634
9830,6635
9833,6636
9836,6637
9841,6638
9842,6639
9847,6640
9848,6641
9849,6642
9852,6643
9860,6644
9861,6645
9862,6646
9865,6647
9868,6648
987,6649
9873,6650
9874,6651
9878,6652
9880,6653
9882,6654
9885,6655
9887,6656
9889,6657
989,6658
9894,6659
9895,6660
9899,6661
9901,6662
9905,6663
9907,6664
9908,6665
9913,6666
9914,6667
9917,6668
9918,6669
9919,6670
9923,6671
9924,6672
9925,6673
9938,6674
994,6675
9941,6676
9946,6677
995,6678
9950,6679
9958,6680
996,6681
9960,6682
9965,6683
9966,6684
9967,6685
9968,6686
9969,6687
997,6688
9970,6689
9971,6690
9972,6691
9975,6692
9976,6693
9980,6694
9985,6695
9986,6696
9987,6697
9994,6698
breast,6699
large intestine,6700
lung,6701
ovary,6702
prostate,6703
skin,6704
